salary average obp runs hits doubles triples homeruns rbis walks sos sbs errors freeagent arbitration runsperso hitsperso hrsperso rbisperso walksperso obppererror runspererror hitspererror hrspererror soserrors sbsobp sbsruns sbshits
3300 0.272 0.302 69 153 21 4 31 104 22 80 4 4 1 0 0.8625 1.9125 0.3875 1.3 0.275 0.0755 17.25 38.25 7.75 320 1.208 276 612
2600 0.269 0.335 58 111 17 2 18 66 39 69 0 4 1 0 0.8406 1.6087 0.2609 0.9565 0.5652 0.0838 14.5 27.75 4.5 276 0 0 0
2500 0.249 0.337 54 115 15 1 17 73 63 116 6 6 1 0 0.4655 0.9914 0.1466 0.6293 0.5431 0.0562 9 19.1667 2.8333 696 2.022 324 690
2475 0.26 0.292 59 128 22 7 12 50 23 64 21 22 0 1 0.9219 2 0.1875 0.7812 0.3594 0.0133 2.6818 5.8182 0.5455 1408 6.132 1239 2688
2313 0.273 0.346 87 169 28 5 8 58 70 53 3 9 0 1 1.6415 3.1887 0.1509 1.0943 1.3208 0.0384 9.6667 18.7778 0.8889 477 1.038 261 507
2175 0.291 0.379 104 170 32 2 26 100 87 89 22 5 1 0 1.1685 1.9101 0.2921 1.1236 0.9775 0.0758 20.8 34 5.2 445 8.338 2288 3740
600 0.258 0.37 34 86 14 1 14 38 15 45 0 11 1 0 0.7556 1.9111 0.3111 0.8444 0.3333 0.0336 3.0909 7.8182 1.2727 495 0 0 0
460 0.228 0.279 16 38 7 2 3 21 11 32 2 4 0 0 0.5 1.1875 0.0938 0.6562 0.3438 0.0698 4 9.5 0.75 128 0.558 32 76
240 0.25 0.327 40 61 11 0 1 18 24 26 14 3 0 0 1.5385 2.3462 0.0385 0.6923 0.9231 0.109 13.3333 20.3333 0.3333 78 4.578 560 854
200 0.203 0.24 39 64 10 1 10 33 14 96 13 7 0 0 0.4062 0.6667 0.1042 0.3438 0.1458 0.0343 5.5714 9.1429 1.4286 672 3.12 507 832
177 0.262 0.283 7 38 5 0 0 10 5 18 2 8 0 0 0.3889 2.1111 0 0.5556 0.2778 0.0354 0.875 4.75 0 144 0.566 14 76
140 0.222 0.307 21 45 9 0 6 22 19 56 3 4 0 0 0.375 0.8036 0.1071 0.3929 0.3393 0.0768 5.25 11.25 1.5 224 0.921 63 135
117 0.227 0.28 4 5 2 0 1 3 2 1 0 1 0 0 4 5 1 3 2 0.28 4 5 1 1 0 0 0
115 0.261 0.37 1 6 0 0 0 2 4 3 0 1 0 0 0.3333 2 0 0.6667 1.3333 0.37 1 6 0 3 0 0 0
2600 0.3 0.368 69 141 22 3 19 75 53 64 31 8 1 0 1.0781 2.2031 0.2969 1.1719 0.8281 0.046 8.625 17.625 2.375 512 11.408 2139 4371
1907 0.225 0.292 60 130 22 1 13 73 50 100 2 15 1 0 0.6 1.3 0.13 0.73 0.5 0.0195 4 8.6667 0.8667 1500 0.584 120 260
1190 0.255 0.321 39 108 22 8 3 26 42 61 2 9 0 1 0.6393 1.7705 0.0492 0.4262 0.6885 0.0357 4.3333 12 0.3333 549 0.642 78 216
990 0.29 0.349 59 141 30 2 16 64 42 102 14 7 1 0 0.5784 1.3824 0.1569 0.6275 0.4118 0.0499 8.4286 20.1429 2.2857 714 4.886 826 1974
925 0.246 0.323 22 81 14 0 6 26 22 26 2 6 1 0 0.8462 3.1154 0.2308 1 0.8462 0.0538 3.6667 13.5 1 156 0.646 44 162
365 0.208 0.265 12 35 11 1 0 15 14 30 2 7 0 0 0.4 1.1667 0 0.5 0.4667 0.0379 1.7143 5 0 210 0.53 24 70
302 0.238 0.347 83 134 15 4 10 51 95 151 56 28 0 0 0.5497 0.8874 0.0662 0.3377 0.6291 0.0124 2.9643 4.7857 0.3571 4228 19.432 4648 7504
300 0.267 0.31 73 149 23 9 6 39 34 89 76 7 0 0 0.8202 1.6742 0.0674 0.4382 0.382 0.0443 10.4286 21.2857 0.8571 623 23.56 5548 11324
129 0.353 0.435 16 48 12 2 2 18 20 22 0 6 0 0 0.7273 2.1818 0.0909 0.8182 0.9091 0.0725 2.6667 8 0.3333 132 0 0 0
111 0.213 0.222 4 13 4 1 1 8 1 18 0 1 0 0 0.2222 0.7222 0.0556 0.4444 0.0556 0.222 4 13 1 18 0 0 0
6100 0.302 0.391 102 174 44 6 18 100 90 67 2 16 1 0 1.5224 2.597 0.2687 1.4925 1.3433 0.0244 6.375 10.875 1.125 1072 0.782 204 348
4125 0.26 0.321 69 150 23 1 19 96 55 74 10 8 1 0 0.9324 2.027 0.2568 1.2973 0.7432 0.0401 8.625 18.75 2.375 592 3.21 690 1500
3213 0.255 0.347 45 71 7 5 1 17 39 47 37 4 1 0 0.9574 1.5106 0.0213 0.3617 0.8298 0.0867 11.25 17.75 0.25 188 12.839 1665 2627
2319 0.259 0.349 108 146 34 4 38 117 78 120 30 32 1 0 0.9 1.2167 0.3167 0.975 0.65 0.0109 3.375 4.5625 1.1875 3840 10.47 3240 4380
2000 0.223 0.307 43 84 10 4 10 40 36 56 7 5 1 0 0.7679 1.5 0.1786 0.7143 0.6429 0.0614 8.6 16.8 2 280 2.149 301 588
1600 0.225 0.31 44 96 9 3 0 31 50 69 8 16 1 0 0.6377 1.3913 0 0.4493 0.7246 0.0194 2.75 6 0 1104 2.48 352 768
1394 0.258 0.381 58 108 23 0 4 51 83 50 1 6 1 0 1.16 2.16 0.08 1.02 1.66 0.0635 9.6667 18 0.6667 300 0.381 58 108
935 0.275 0.351 40 70 16 4 4 21 30 42 15 4 1 0 0.9524 1.6667 0.0952 0.5 0.7143 0.0878 10 17.5 1 168 5.265 600 1050
850 0.327 0.424 60 141 14 3 0 54 75 38 4 21 1 0 1.5789 3.7105 0 1.4211 1.9737 0.0202 2.8571 6.7143 0 798 1.696 240 564
775 0.272 0.3 18 62 14 2 5 35 9 19 0 4 0 1 0.9474 3.2632 0.2632 1.8421 0.4737 0.075 4.5 15.5 1.25 76 0 0 0
760 0.241 0.32 33 84 16 2 6 36 40 53 2 15 0 1 0.6226 1.5849 0.1132 0.6792 0.7547 0.0213 2.2 5.6 0.4 795 0.64 66 168
629 0.293 0.355 32 79 17 0 1 30 24 43 2 1 0 0 0.7442 1.8372 0.0233 0.6977 0.5581 0.355 32 79 1 43 0.71 64 158
275 0.257 0.315 51 96 10 1 6 34 33 57 13 9 0 0 0.8947 1.6842 0.1053 0.5965 0.5789 0.035 5.6667 10.6667 0.6667 513 4.095 663 1248
120 0.225 0.33 7 20 2 0 0 5 14 19 1 3 0 0 0.3684 1.0526 0 0.2632 0.7368 0.11 2.3333 6.6667 0 57 0.33 7 20
2567 0.196 0.297 36 56 12 0 12 42 41 66 5 9 0 1 0.5455 0.8485 0.1818 0.6364 0.6212 0.033 4 6.2222 1.3333 594 1.485 180 280
2500 0.252 0.309 66 137 33 1 28 81 48 93 1 6 1 0 0.7097 1.4731 0.3011 0.871 0.5161 0.0515 11 22.8333 4.6667 558 0.309 66 137
2350 0.294 0.367 84 158 27 6 21 92 67 100 7 4 1 0 0.84 1.58 0.21 0.92 0.67 0.0918 21 39.5 5.25 400 2.569 588 1106
2317 0.297 0.391 48 73 13 5 3 12 37 20 24 5 1 0 2.4 3.65 0.15 0.6 1.85 0.0782 9.6 14.6 0.6 100 9.384 1152 1752
2000 0.258 0.288 46 86 7 4 12 40 12 57 5 10 1 0 0.807 1.5088 0.2105 0.7018 0.2105 0.0288 4.6 8.6 1.2 570 1.44 230 430
715 0.205 0.268 21 36 5 3 1 11 16 36 7 4 1 0 0.5833 1 0.0278 0.3056 0.4444 0.067 5.25 9 0.25 144 1.876 147 252
660 0.272 0.304 38 82 21 3 9 49 14 49 0 10 0 1 0.7755 1.6735 0.1837 1 0.2857 0.0304 3.8 8.2 0.9 490 0 0 0
650 0.243 0.344 20 45 12 0 0 15 30 30 3 5 1 0 0.6667 1.5 0 0.5 1 0.0688 4 9 0 150 1.032 60 135
260 0.337 0.413 13 32 5 0 0 12 13 14 0 1 0 0 0.9286 2.2857 0 0.8571 0.9286 0.413 13 32 0 14 0 0 0
250 0.228 0.238 12 36 4 1 1 11 2 26 0 3 0 0 0.4615 1.3846 0.0385 0.4231 0.0769 0.0793 4 12 0.3333 78 0 0 0
200 0.24 0.3 51 92 16 3 13 50 31 73 9 4 0 0 0.6986 1.2603 0.1781 0.6849 0.4247 0.075 12.75 23 3.25 292 2.7 459 828
180 0.298 0.378 18 45 10 2 6 21 17 26 1 9 0 0 0.6923 1.7308 0.2308 0.8077 0.6538 0.042 2 5 0.6667 234 0.378 18 45
180 0.249 0.313 38 81 11 4 1 20 29 45 13 7 0 0 0.8444 1.8 0.0222 0.4444 0.6444 0.0447 5.4286 11.5714 0.1429 315 4.069 494 1053
5150 0.292 0.41 95 149 28 5 25 116 107 73 43 4 0 1 1.3014 2.0411 0.3425 1.589 1.4658 0.1025 23.75 37.25 6.25 292 17.63 4085 6407
4450 0.265 0.355 87 130 24 7 17 83 71 85 10 2 1 0 1.0235 1.5294 0.2 0.9765 0.8353 0.1775 43.5 65 8.5 170 3.55 870 1300
2000 0.265 0.306 53 133 16 6 3 54 30 56 7 10 0 1 0.9464 2.375 0.0536 0.9643 0.5357 0.0306 5.3 13.3 0.3 560 2.142 371 931
1850 0.289 0.351 25 97 11 2 3 41 33 27 2 2 1 0 0.9259 3.5926 0.1111 1.5185 1.2222 0.1755 12.5 48.5 1.5 54 0.702 50 194
1192 0.295 0.363 19 65 17 1 1 29 21 32 1 6 1 0 0.5938 2.0312 0.0312 0.9062 0.6562 0.0605 3.1667 10.8333 0.1667 192 0.363 19 65
875 0.27 0.33 96 164 32 8 16 67 52 99 10 25 0 1 0.9697 1.6566 0.1616 0.6768 0.5253 0.0132 3.84 6.56 0.64 2475 3.3 960 1640
825 0.246 0.324 45 62 12 2 7 24 28 39 17 7 1 0 1.1538 1.5897 0.1795 0.6154 0.7179 0.0463 6.4286 8.8571 1 273 5.508 765 1054
525 0.288 0.366 24 47 7 0 7 24 18 23 2 4 0 0 1.0435 2.0435 0.3043 1.0435 0.7826 0.0915 6 11.75 1.75 92 0.732 48 94
367 0.273 0.344 23 51 11 2 4 23 19 34 9 2 0 0 0.6765 1.5 0.1176 0.6765 0.5588 0.172 11.5 25.5 2 68 3.096 207 459
325 0.239 0.328 16 26 1 1 4 18 14 15 3 3 0 0 1.0667 1.7333 0.2667 1.2 0.9333 0.1093 5.3333 8.6667 1.3333 45 0.984 48 78
320 0.244 0.281 7 20 4 0 1 11 5 17 4 3 0 0 0.4118 1.1765 0.0588 0.6471 0.2941 0.0937 2.3333 6.6667 0.3333 51 1.124 28 80
150 0.275 0.373 83 113 17 2 10 50 64 81 8 13 0 0 1.0247 1.3951 0.1235 0.6173 0.7901 0.0287 6.3846 8.6923 0.7692 1053 2.984 664 904
113 0.34 0.381 15 36 7 0 0 7 7 17 3 7 0 0 0.8824 2.1176 0 0.4118 0.4118 0.0544 2.1429 5.1429 0 119 1.143 45 108
113 0.25 0.28 2 6 0 2 0 1 1 8 0 2 0 0 0.25 0.75 0 0.125 0.125 0.14 1 3 0 16 0 0 0
2425 0.272 0.326 41 116 12 1 8 70 37 46 4 17 1 0 0.8913 2.5217 0.1739 1.5217 0.8043 0.0192 2.4118 6.8235 0.4706 782 1.304 164 464
2367 0.219 0.268 34 82 13 2 9 33 23 86 5 10 1 0 0.3953 0.9535 0.1047 0.3837 0.2674 0.0268 3.4 8.2 0.9 860 1.34 170 410
2050 0.24 0.357 37 88 11 4 1 26 67 48 1 10 1 0 0.7708 1.8333 0.0208 0.5417 1.3958 0.0357 3.7 8.8 0.1 480 0.357 37 88
2000 0.285 0.38 96 157 30 3 3 50 83 36 35 9 1 0 2.6667 4.3611 0.0833 1.3889 2.3056 0.0422 10.6667 17.4444 0.3333 324 13.3 3360 5495
1617 0.307 0.368 55 100 16 5 6 34 32 53 16 3 1 0 1.0377 1.8868 0.1132 0.6415 0.6038 0.1227 18.3333 33.3333 2 159 5.888 880 1600
1167 0.24 0.3 29 58 8 4 6 36 22 34 15 6 1 0 0.8529 1.7059 0.1765 1.0588 0.6471 0.05 4.8333 9.6667 1 204 4.5 435 870
992 0.264 0.319 38 121 24 5 2 57 36 63 9 8 0 1 0.6032 1.9206 0.0317 0.9048 0.5714 0.0399 4.75 15.125 0.25 504 2.871 342 1089
400 0.227 0.26 21 47 10 2 1 15 10 29 12 3 0 0 0.7241 1.6207 0.0345 0.5172 0.3448 0.0867 7 15.6667 0.3333 87 3.12 252 564
315 0.305 0.36 69 173 40 6 8 77 50 113 20 4 0 0 0.6106 1.531 0.0708 0.6814 0.4425 0.09 17.25 43.25 2 452 7.2 1380 3460
315 0.28 0.353 76 158 36 3 11 81 62 94 17 26 0 0 0.8085 1.6809 0.117 0.8617 0.6596 0.0136 2.9231 6.0769 0.4231 2444 6.001 1292 2686
230 0.251 0.301 83 142 23 15 9 69 41 114 44 7 0 0 0.7281 1.2456 0.0789 0.6053 0.3596 0.043 11.8571 20.2857 1.2857 798 13.244 3652 6248
135 0.216 0.316 28 58 7 2 5 28 39 33 14 2 0 0 0.8485 1.7576 0.1515 0.8485 1.1818 0.158 14 29 2.5 66 4.424 392 812
130 0.243 0.322 38 45 8 3 5 17 18 45 15 7 0 0 0.8444 1 0.1111 0.3778 0.4 0.046 5.4286 6.4286 0.7143 315 4.83 570 675
3150 0.319 0.363 94 187 34 8 22 86 43 70 10 25 1 0 1.3429 2.6714 0.3143 1.2286 0.6143 0.0145 3.76 7.48 0.88 1750 3.63 940 1870
2785 0.297 0.371 81 119 10 1 0 26 47 40 72 4 1 0 2.025 2.975 0 0.65 1.175 0.0928 20.25 29.75 0 160 26.712 5832 8568
2700 0.251 0.338 101 141 35 3 32 105 71 104 34 7 0 1 0.9712 1.3558 0.3077 1.0096 0.6827 0.0483 14.4286 20.1429 4.5714 728 11.492 3434 4794
2400 0.253 0.313 32 67 12 0 11 45 25 31 0 4 1 0 1.0323 2.1613 0.3548 1.4516 0.8065 0.0782 8 16.75 2.75 124 0 0 0
1750 0.275 0.377 58 97 19 1 7 44 50 64 9 6 1 0 0.9062 1.5156 0.1094 0.6875 0.7812 0.0628 9.6667 16.1667 1.1667 384 3.393 522 873
1262 0.32 0.368 41 98 17 2 3 32 23 19 2 16 0 1 2.1579 5.1579 0.1579 1.6842 1.2105 0.023 2.5625 6.125 0.1875 304 0.736 82 196
940 0.259 0.358 49 91 14 3 11 54 54 59 5 18 0 1 0.8305 1.5424 0.1864 0.9153 0.9153 0.0199 2.7222 5.0556 0.6111 1062 1.79 245 455
555 0.275 0.377 67 109 25 1 21 87 65 81 8 8 0 0 0.8272 1.3457 0.2593 1.0741 0.8025 0.0471 8.375 13.625 2.625 648 3.016 536 872
500 0.249 0.296 36 88 9 2 0 27 22 63 3 19 0 1 0.5714 1.3968 0 0.4286 0.3492 0.0156 1.8947 4.6316 0 1197 0.888 108 264
370 0.188 0.243 13 30 7 0 5 14 11 42 1 9 0 1 0.3095 0.7143 0.119 0.3333 0.2619 0.027 1.4444 3.3333 0.5556 378 0.243 13 30
350 0.241 0.316 46 99 25 0 6 44 44 48 1 5 0 0 0.9583 2.0625 0.125 0.9167 0.9167 0.0632 9.2 19.8 1.2 240 0.316 46 99
148 0.242 0.284 7 23 6 0 4 23 6 20 1 4 0 0 0.35 1.15 0.2 1.15 0.3 0.071 1.75 5.75 1 80 0.284 7 23
146 0.251 0.296 32 68 16 1 12 50 17 48 0 9 0 0 0.6667 1.4167 0.25 1.0417 0.3542 0.0329 3.5556 7.5556 1.3333 432 0 0 0
4350 0.302 0.378 88 140 27 4 20 69 55 64 24 16 1 0 1.375 2.1875 0.3125 1.0781 0.8594 0.0236 5.5 8.75 1.25 1024 9.072 2112 3360
2833 0.28 0.359 51 101 12 2 6 35 46 39 5 8 1 0 1.3077 2.5897 0.1538 0.8974 1.1795 0.0449 6.375 12.625 0.75 312 1.795 255 505
2833 0.256 0.346 71 136 36 0 28 91 73 107 12 3 0 1 0.6636 1.271 0.2617 0.8505 0.6822 0.1153 23.6667 45.3333 9.3333 321 4.152 852 1632
2750 0.301 0.354 91 175 35 3 26 88 44 79 19 13 0 1 1.1519 2.2152 0.3291 1.1139 0.557 0.0272 7 13.4615 2 1027 6.726 1729 3325
1550 0.281 0.342 66 119 13 3 3 32 37 71 26 11 0 1 0.9296 1.6761 0.0423 0.4507 0.5211 0.0311 6 10.8182 0.2727 781 8.892 1716 3094
1300 0.234 0.301 13 36 5 0 6 19 16 39 0 7 0 1 0.3333 0.9231 0.1538 0.4872 0.4103 0.043 1.8571 5.1429 0.8571 273 0 0 0
1000 0.26 0.323 36 65 10 0 11 39 23 46 11 6 0 1 0.7826 1.413 0.2391 0.8478 0.5 0.0538 6 10.8333 1.8333 276 3.553 396 715
750 0.267 0.321 20 72 15 2 3 31 23 38 0 6 0 0 0.5263 1.8947 0.0789 0.8158 0.6053 0.0535 3.3333 12 0.5 228 0 0 0
430 0.318 0.374 72 152 33 1 14 59 46 61 10 10 0 0 1.1803 2.4918 0.2295 0.9672 0.7541 0.0374 7.2 15.2 1.4 610 3.74 720 1520
260 0.216 0.265 21 58 11 0 11 41 18 53 0 12 0 0 0.3962 1.0943 0.2075 0.7736 0.3396 0.0221 1.75 4.8333 0.9167 636 0 0 0
120 0.286 0.303 11 18 1 0 0 3 1 15 1 3 0 0 0.7333 1.2 0 0.2 0.0667 0.101 3.6667 6 0 45 0.303 11 18
1500 0.253 0.312 65 145 30 3 13 80 46 85 4 24 0 1 0.7647 1.7059 0.1529 0.9412 0.5412 0.013 2.7083 6.0417 0.5417 2040 1.248 260 580
1458 0.295 0.358 79 161 23 4 4 46 53 71 19 12 0 1 1.1127 2.2676 0.0563 0.6479 0.7465 0.0298 6.5833 13.4167 0.3333 852 6.802 1501 3059
1210 0.285 0.331 84 170 28 10 8 54 42 65 34 6 0 1 1.2923 2.6154 0.1231 0.8308 0.6462 0.0552 14 28.3333 1.3333 390 11.254 2856 5780
935 0.262 0.319 44 121 20 7 4 50 40 49 9 11 0 0 0.898 2.4694 0.0816 1.0204 0.8163 0.029 4 11 0.3636 539 2.871 396 1089
800 0.214 0.29 38 72 12 1 11 38 36 92 1 4 1 0 0.413 0.7826 0.1196 0.413 0.3913 0.0725 9.5 18 2.75 368 0.29 38 72
395 0.218 0.327 26 31 3 1 1 11 24 17 16 1 0 0 1.5294 1.8235 0.0588 0.6471 1.4118 0.327 26 31 1 17 5.232 416 496
350 0.294 0.387 79 163 26 4 15 82 75 116 7 13 0 0 0.681 1.4052 0.1293 0.7069 0.6466 0.0298 6.0769 12.5385 1.1538 1508 2.709 553 1141
285 0.254 0.32 51 120 28 9 13 69 40 101 10 6 0 0 0.505 1.1881 0.1287 0.6832 0.396 0.0533 8.5 20 2.1667 606 3.2 510 1200
139 0.243 0.27 27 61 13 2 9 36 9 74 4 19 0 0 0.3649 0.8243 0.1216 0.4865 0.1216 0.0142 1.4211 3.2105 0.4737 1406 1.08 108 244
133 0.153 0.227 11 18 6 0 1 7 12 41 1 2 0 0 0.2683 0.439 0.0244 0.1707 0.2927 0.1135 5.5 9 0.5 82 0.227 11 18
4050 0.265 0.361 86 134 22 4 28 99 75 125 10 6 1 0 0.688 1.072 0.224 0.792 0.6 0.0602 14.3333 22.3333 4.6667 750 3.61 860 1340
3600 0.235 0.353 39 67 10 0 11 33 48 92 14 4 1 0 0.4239 0.7283 0.1196 0.3587 0.5217 0.0882 9.75 16.75 2.75 368 4.942 546 938
3333 0.296 0.401 112 182 13 5 2 38 108 79 38 1 1 0 1.4177 2.3038 0.0253 0.481 1.3671 0.401 112 182 2 79 15.238 4256 6916
2183 0.264 0.353 39 91 16 2 8 40 47 32 4 8 1 0 1.2188 2.8438 0.25 1.25 1.4688 0.0441 4.875 11.375 1 256 1.412 156 364
1150 0.294 0.338 29 86 15 3 2 40 17 46 2 4 1 0 0.6304 1.8696 0.0435 0.8696 0.3696 0.0845 7.25 21.5 0.5 184 0.676 58 172
840 0.287 0.349 59 123 16 1 3 38 37 32 12 21 1 0 1.8438 3.8438 0.0938 1.1875 1.1562 0.0166 2.8095 5.8571 0.1429 672 4.188 708 1476
587 0.278 0.355 24 60 11 2 2 20 25 24 1 5 0 1 1 2.5 0.0833 0.8333 1.0417 0.071 4.8 12 0.4 120 0.355 24 60
400 0.222 0.296 21 38 8 5 2 19 18 52 0 3 1 0 0.4038 0.7308 0.0385 0.3654 0.3462 0.0987 7 12.6667 0.6667 156 0 0 0
350 0.248 0.286 24 56 5 2 2 13 12 35 2 12 1 0 0.6857 1.6 0.0571 0.3714 0.3429 0.0238 2 4.6667 0.1667 420 0.572 48 112
135 0.268 0.293 3 15 4 0 1 5 2 12 1 1 0 0 0.25 1.25 0.0833 0.4167 0.1667 0.293 3 15 1 12 0.293 3 15
135 0.214 0.25 1 3 1 0 0 1 0 5 1 2 0 0 0.2 0.6 0 0.2 0 0.125 0.5 1.5 0 10 0.25 1 3
135 0.195 0.345 10 22 2 0 0 3 25 32 3 11 0 0 0.3125 0.6875 0 0.0938 0.7812 0.0314 0.9091 2 0 352 1.035 30 66
4075 0.278 0.396 84 147 19 1 31 106 105 135 4 15 1 0 0.6222 1.0889 0.2296 0.7852 0.7778 0.0264 5.6 9.8 2.0667 2025 1.584 336 588
3300 0.267 0.296 60 155 22 3 17 87 23 114 8 15 0 1 0.5263 1.3596 0.1491 0.7632 0.2018 0.0197 4 10.3333 1.1333 1710 2.368 480 1240
2387 0.317 0.355 69 158 27 11 4 62 34 19 8 4 1 0 3.6316 8.3158 0.2105 3.2632 1.7895 0.0888 17.25 39.5 1 76 2.84 552 1264
2100 0.272 0.337 81 162 27 5 4 38 55 74 23 21 0 1 1.0946 2.1892 0.0541 0.5135 0.7432 0.016 3.8571 7.7143 0.1905 1554 7.751 1863 3726
1750 0.265 0.322 44 102 17 1 6 51 33 56 3 19 1 0 0.7857 1.8214 0.1071 0.9107 0.5893 0.0169 2.3158 5.3684 0.3158 1064 0.966 132 306
805 0.262 0.315 51 94 12 1 21 49 27 66 5 3 0 1 0.7727 1.4242 0.3182 0.7424 0.4091 0.105 17 31.3333 7 198 1.575 255 470
725 0.194 0.277 25 34 12 2 2 22 19 15 5 9 0 1 1.6667 2.2667 0.1333 1.4667 1.2667 0.0308 2.7778 3.7778 0.2222 135 1.385 125 170
687 0.217 0.319 41 74 16 0 12 44 51 77 9 10 1 0 0.5325 0.961 0.1558 0.5714 0.6623 0.0319 4.1 7.4 1.2 770 2.871 369 666
200 0.228 0.295 26 84 16 0 10 47 31 90 2 3 0 0 0.2889 0.9333 0.1111 0.5222 0.3444 0.0983 8.6667 28 3.3333 270 0.59 52 168
130 0.286 0.444 0 2 0 0 0 0 2 3 0 1 0 0 0 0.6667 0 0 0.6667 0.444 0 2 0 3 0 0 0
125 0.269 0.345 4 7 2 1 0 5 3 4 0 1 0 1 1 1.75 0 1.25 0.75 0.345 4 7 0 4 0 0 0
120 0.246 0.267 5 14 2 0 0 9 1 9 2 3 0 0 0.5556 1.5556 0 1 0.1111 0.089 1.6667 4.6667 0 27 0.534 10 28
117 0.275 0.298 6 25 3 0 1 6 2 14 0 8 0 0 0.4286 1.7857 0.0714 0.4286 0.1429 0.0372 0.75 3.125 0.125 112 0 0 0
114 0.243 0.308 13 26 7 2 2 8 9 27 1 2 0 0 0.4815 0.963 0.0741 0.2963 0.3333 0.154 6.5 13 1 54 0.308 13 26
4275 0.301 0.359 84 170 32 7 29 116 51 91 4 5 1 0 0.9231 1.8681 0.3187 1.2747 0.5604 0.0718 16.8 34 5.8 455 1.436 336 680
3563 0.312 0.357 67 155 30 3 4 43 34 74 17 7 1 0 0.9054 2.0946 0.0541 0.5811 0.4595 0.051 9.5714 22.1429 0.5714 518 6.069 1139 2635
2000 0.268 0.31 72 158 24 5 34 98 33 128 5 17 0 1 0.5625 1.2344 0.2656 0.7656 0.2578 0.0182 4.2353 9.2941 2 2176 1.55 360 790
1600 0.262 0.352 74 129 24 5 19 48 63 95 14 12 1 0 0.7789 1.3579 0.2 0.5053 0.6632 0.0293 6.1667 10.75 1.5833 1140 4.928 1036 1806
1533 0.221 0.283 23 51 8 4 1 12 20 33 3 12 0 1 0.697 1.5455 0.0303 0.3636 0.6061 0.0236 1.9167 4.25 0.0833 396 0.849 69 153
940 0.175 0.216 14 29 4 1 3 17 9 60 0 4 1 0 0.2333 0.4833 0.05 0.2833 0.15 0.054 3.5 7.25 0.75 240 0 0 0
850 0.238 0.273 31 104 16 2 5 41 18 61 3 1 0 1 0.5082 1.7049 0.082 0.6721 0.2951 0.273 31 104 5 61 0.819 93 312
650 0.264 0.325 51 92 10 6 0 18 30 31 21 5 0 0 1.6452 2.9677 0 0.5806 0.9677 0.065 10.2 18.4 0 155 6.825 1071 1932
360 0.225 0.271 16 40 9 0 0 19 9 22 1 5 0 0 0.7273 1.8182 0 0.8636 0.4091 0.0542 3.2 8 0 110 0.271 16 40
150 0.123 0.188 12 13 3 0 2 8 7 26 3 4 0 0 0.4615 0.5 0.0769 0.3077 0.2692 0.047 3 3.25 0.5 104 0.564 36 39
145 0.246 0.358 41 55 5 3 1 15 36 30 13 1 0 0 1.3667 1.8333 0.0333 0.5 1.2 0.358 41 55 1 30 4.654 533 715
140 0.24 0.306 14 31 7 1 2 14 12 25 0 1 0 0 0.56 1.24 0.08 0.56 0.48 0.306 14 31 2 25 0 0 0
109 0.115 0.148 0 3 1 0 0 2 1 6 0 4 0 0 0 0.5 0 0.3333 0.1667 0.037 0 0.75 0 24 0 0 0
109 0.12 0.185 0 3 0 0 0 1 2 11 0 2 0 0 0 0.2727 0 0.0909 0.1818 0.0925 0 1.5 0 22 0 0 0
3415 0.227 0.307 29 40 9 1 10 28 16 29 4 9 1 0 1 1.3793 0.3448 0.9655 0.5517 0.0341 3.2222 4.4444 1.1111 261 1.228 116 160
2100 0.323 0.374 99 210 46 5 34 114 53 46 6 12 1 0 2.1522 4.5652 0.7391 2.4783 1.1522 0.0312 8.25 17.5 2.8333 552 2.244 594 1260
1300 0.278 0.321 57 135 22 1 5 43 28 45 6 2 1 0 1.2667 3 0.1111 0.9556 0.6222 0.1605 28.5 67.5 2.5 90 1.926 342 810
1200 0.263 0.373 57 127 17 2 16 70 84 108 0 12 0 1 0.5278 1.1759 0.1481 0.6481 0.7778 0.0311 4.75 10.5833 1.3333 1296 0 0 0
1025 0.26 0.313 82 158 27 10 19 59 47 115 16 4 1 0 0.713 1.3739 0.1652 0.513 0.4087 0.0782 20.5 39.5 4.75 460 5.008 1312 2528
730 0.216 0.253 24 62 11 1 0 14 15 31 0 8 0 1 0.7742 2 0 0.4516 0.4839 0.0316 3 7.75 0 248 0 0 0
687 0.233 0.326 45 74 16 0 23 61 41 99 0 1 0 0 0.4545 0.7475 0.2323 0.6162 0.4141 0.326 45 74 23 99 0 0 0
380 0.204 0.255 29 42 9 0 7 18 13 49 0 5 0 0 0.5918 0.8571 0.1429 0.3673 0.2653 0.051 5.8 8.4 1.4 245 0 0 0
365 0.23 0.336 40 59 12 3 2 27 36 44 12 4 0 0 0.9091 1.3409 0.0455 0.6136 0.8182 0.084 10 14.75 0.5 176 4.032 480 708
175 0.243 0.304 36 83 15 0 11 31 29 61 0 2 0 0 0.5902 1.3607 0.1803 0.5082 0.4754 0.152 18 41.5 5.5 122 0 0 0
150 0.233 0.302 40 91 17 2 16 45 40 82 1 8 0 0 0.4878 1.1098 0.1951 0.5488 0.4878 0.0378 5 11.375 2 656 0.302 40 91
150 0.278 0.316 15 59 7 0 2 22 12 19 1 4 0 0 0.7895 3.1053 0.1053 1.1579 0.6316 0.079 3.75 14.75 0.5 76 0.316 15 59
140 0.269 0.303 32 58 12 1 13 33 11 51 1 3 0 0 0.6275 1.1373 0.2549 0.6471 0.2157 0.101 10.6667 19.3333 4.3333 153 0.303 32 58
3050 0.3 0.35 76 163 26 6 9 83 43 35 15 4 0 1 2.1714 4.6571 0.2571 2.3714 1.2286 0.0875 19 40.75 2.25 140 5.25 1140 2445
2900 0.249 0.374 75 120 18 1 26 87 96 133 0 1 1 0 0.5639 0.9023 0.1955 0.6541 0.7218 0.374 75 120 26 133 0 0 0
2850 0.229 0.303 54 105 24 1 16 70 49 72 1 4 1 0 0.75 1.4583 0.2222 0.9722 0.6806 0.0758 13.5 26.25 4 288 0.303 54 105
2700 0.332 0.421 93 181 42 2 8 51 89 32 1 13 1 0 2.9062 5.6562 0.25 1.5938 2.7812 0.0324 7.1538 13.9231 0.6154 416 0.421 93 181
2400 0.231 0.291 45 107 23 2 5 48 37 53 8 6 1 0 0.8491 2.0189 0.0943 0.9057 0.6981 0.0485 7.5 17.8333 0.8333 318 2.328 360 856
2300 0.251 0.314 56 119 33 3 14 56 39 81 6 3 1 0 0.6914 1.4691 0.1728 0.6914 0.4815 0.1047 18.6667 39.6667 4.6667 243 1.884 336 714
1650 0.262 0.312 45 116 25 3 4 41 26 55 11 6 0 1 0.8182 2.1091 0.0727 0.7455 0.4727 0.052 7.5 19.3333 0.6667 330 3.432 495 1276
1600 0.283 0.349 87 175 42 2 5 60 60 53 6 15 0 1 1.6415 3.3019 0.0943 1.1321 1.1321 0.0233 5.8 11.6667 0.3333 795 2.094 522 1050
1075 0.258 0.318 64 107 22 3 8 40 35 86 4 25 0 1 0.7442 1.2442 0.093 0.4651 0.407 0.0127 2.56 4.28 0.32 2150 1.272 256 428
550 0.225 0.272 17 38 6 1 1 4 11 40 4 6 1 0 0.425 0.95 0.025 0.1 0.275 0.0453 2.8333 6.3333 0.1667 240 1.088 68 152
350 0.263 0.271 10 30 8 0 0 9 1 16 0 4 0 0 0.625 1.875 0 0.5625 0.0625 0.0678 2.5 7.5 0 64 0 0 0
340 0.295 0.375 69 141 21 1 11 71 61 66 1 10 0 0 1.0455 2.1364 0.1667 1.0758 0.9242 0.0375 6.9 14.1 1.1 660 0.375 69 141
155 0.26 0.339 21 57 12 0 4 32 26 43 2 7 0 0 0.4884 1.3256 0.093 0.7442 0.6047 0.0484 3 8.1429 0.5714 301 0.678 42 114
145 0.457 0.486 6 16 4 2 0 7 2 2 0 3 0 0 3 8 0 3.5 1 0.162 2 5.3333 0 6 0 0 0
950 0.262 0.307 30 111 13 2 0 31 26 27 5 13 0 1 1.1111 4.1111 0 1.1481 0.963 0.0236 2.3077 8.5385 0 351 1.535 150 555
700 0.243 0.279 23 69 14 0 1 24 14 67 0 6 0 0 0.3433 1.0299 0.0149 0.3582 0.209 0.0465 3.8333 11.5 0.1667 402 0 0 0
550 0.224 0.274 28 94 21 1 1 44 27 54 2 8 1 0 0.5185 1.7407 0.0185 0.8148 0.5 0.0342 3.5 11.75 0.125 432 0.548 56 188
525 0.217 0.264 10 40 9 0 0 7 8 24 0 5 0 0 0.4167 1.6667 0 0.2917 0.3333 0.0528 2 8 0 120 0 0 0
525 0.288 0.346 80 171 28 2 11 69 48 74 3 28 0 0 1.0811 2.3108 0.1486 0.9324 0.6486 0.0124 2.8571 6.1071 0.3929 2072 1.038 240 513
333 0.243 0.297 46 99 18 7 9 45 30 85 4 8 0 0 0.5412 1.1647 0.1059 0.5294 0.3529 0.0371 5.75 12.375 1.125 680 1.188 184 396
325 0.258 0.324 29 57 8 2 8 25 23 54 6 4 0 0 0.537 1.0556 0.1481 0.463 0.4259 0.081 7.25 14.25 2 216 1.944 174 342
300 0.209 0.293 9 28 5 1 0 11 15 12 0 2 1 0 0.75 2.3333 0 0.9167 1.25 0.1465 4.5 14 0 24 0 0 0
200 0.284 0.31 22 73 14 0 5 30 10 43 3 9 0 0 0.5116 1.6977 0.1163 0.6977 0.2326 0.0344 2.4444 8.1111 0.5556 387 0.93 66 219
175 0.282 0.323 60 130 31 2 26 95 25 99 3 10 0 0 0.6061 1.3131 0.2626 0.9596 0.2525 0.0323 6 13 2.6 990 0.969 180 390
158 0.249 0.309 30 70 12 3 4 22 24 57 10 2 0 0 0.5263 1.2281 0.0702 0.386 0.4211 0.1545 15 35 2 114 3.09 300 700
145 0.264 0.293 29 83 15 1 0 30 15 45 2 10 0 0 0.6444 1.8444 0 0.6667 0.3333 0.0293 2.9 8.3 0 450 0.586 58 166
4500 0.261 0.347 102 163 25 0 44 133 78 151 0 9 1 0 0.6755 1.0795 0.2914 0.8808 0.5166 0.0386 11.3333 18.1111 4.8889 1359 0 0 0
3358 0.263 0.387 85 132 17 2 31 89 101 131 3 7 1 0 0.6489 1.0076 0.2366 0.6794 0.771 0.0553 12.1429 18.8571 4.4286 917 1.161 255 396
2400 0.248 0.32 57 93 20 0 9 55 37 39 11 10 1 0 1.4615 2.3846 0.2308 1.4103 0.9487 0.032 5.7 9.3 0.9 390 3.52 627 1023
2200 0.279 0.391 94 131 26 2 23 78 90 45 4 5 1 0 2.0889 2.9111 0.5111 1.7333 2 0.0782 18.8 26.2 4.6 225 1.564 376 524
2017 0.179 0.314 64 60 14 2 25 64 89 175 1 8 1 0 0.3657 0.3429 0.1429 0.3657 0.5086 0.0392 8 7.5 3.125 1400 0.314 64 60
1567 0.284 0.371 87 160 28 4 17 72 79 95 10 9 1 0 0.9158 1.6842 0.1789 0.7579 0.8316 0.0412 9.6667 17.7778 1.8889 855 3.71 870 1600
1050 0.247 0.306 65 114 14 9 6 52 36 60 15 4 1 0 1.0833 1.9 0.1 0.8667 0.6 0.0765 16.25 28.5 1.5 240 4.59 975 1710
375 0.237 0.351 23 46 10 1 7 29 35 40 1 2 1 0 0.575 1.15 0.175 0.725 0.875 0.1755 11.5 23 3.5 80 0.351 23 46
355 0.26 0.293 18 66 6 0 4 21 12 26 2 4 1 0 0.6923 2.5385 0.1538 0.8077 0.4615 0.0732 4.5 16.5 1 104 0.586 36 132
300 0.259 0.309 65 144 36 3 21 91 40 149 12 24 0 0 0.4362 0.9664 0.1409 0.6107 0.2685 0.0129 2.7083 6 0.875 3576 3.708 780 1728
230 0.257 0.335 77 122 15 7 3 33 52 92 41 7 0 0 0.837 1.3261 0.0326 0.3587 0.5652 0.0479 11 17.4286 0.4286 644 13.735 3157 5002
150 0.289 0.325 29 46 13 2 5 17 9 24 10 3 0 0 1.2083 1.9167 0.2083 0.7083 0.375 0.1083 9.6667 15.3333 1.6667 72 3.25 290 460
120 0.291 0.341 19 37 5 0 2 11 10 25 2 3 0 0 0.76 1.48 0.08 0.44 0.4 0.1137 6.3333 12.3333 0.6667 75 0.682 38 74
109 0.216 0.341 37 61 7 5 0 19 54 91 29 7 1 0 0.4066 0.6703 0 0.2088 0.5934 0.0487 5.2857 8.7143 0 637 9.889 1073 1769
3453 0.325 0.399 133 216 32 13 17 75 77 62 19 7 1 0 2.1452 3.4839 0.2742 1.2097 1.2419 0.057 19 30.8571 2.4286 434 7.581 2527 4104
3200 0.26 0.332 66 131 20 4 10 77 54 79 6 3 1 0 0.8354 1.6582 0.1266 0.9747 0.6835 0.1107 22 43.6667 3.3333 237 1.992 396 786
2530 0.289 0.319 57 146 19 4 5 68 26 33 5 5 0 1 1.7273 4.4242 0.1515 2.0606 0.7879 0.0638 11.4 29.2 1 165 1.595 285 730
2167 0.213 0.282 48 77 16 2 11 38 35 71 13 10 1 0 0.6761 1.0845 0.1549 0.5352 0.493 0.0282 4.8 7.7 1.1 710 3.666 624 1001
1150 0.286 0.32 63 149 27 4 2 47 27 34 4 13 1 0 1.8529 4.3824 0.0588 1.3824 0.7941 0.0246 4.8462 11.4615 0.1538 442 1.28 252 596
750 0.283 0.337 71 117 13 6 8 54 34 55 14 18 0 0 1.2909 2.1273 0.1455 0.9818 0.6182 0.0187 3.9444 6.5 0.4444 990 4.718 994 1638
500 0.244 0.319 81 132 24 5 27 98 62 125 2 3 0 0 0.648 1.056 0.216 0.784 0.496 0.1063 27 44 9 375 0.638 162 264
395 0.311 0.361 64 125 15 6 1 57 33 38 16 2 0 0 1.6842 3.2895 0.0263 1.5 0.8684 0.1805 32 62.5 0.5 76 5.776 1024 2000
300 0.206 0.262 14 51 18 1 1 28 17 26 0 4 1 0 0.5385 1.9615 0.0385 1.0769 0.6538 0.0655 3.5 12.75 0.25 104 0 0 0
284 0.265 0.35 28 62 11 3 1 25 29 21 4 12 1 0 1.3333 2.9524 0.0476 1.1905 1.381 0.0292 2.3333 5.1667 0.0833 252 1.4 112 248
230 0.238 0.272 53 106 18 3 15 59 22 107 14 8 0 0 0.4953 0.9907 0.1402 0.5514 0.2056 0.034 6.625 13.25 1.875 856 3.808 742 1484
109 0.364 0.364 2 4 1 0 1 1 0 4 0 1 0 0 0.5 1 0.25 0.25 0 0.364 2 4 1 4 0 0 0
5300 0.316 0.397 78 153 35 3 31 100 65 121 6 8 1 0 0.6446 1.2645 0.2562 0.8264 0.5372 0.0496 9.75 19.125 3.875 968 2.382 468 918
3620 0.288 0.339 64 169 35 0 9 68 46 42 2 6 1 0 1.5238 4.0238 0.2143 1.619 1.0952 0.0565 10.6667 28.1667 1.5 252 0.678 128 338
2500 0.268 0.308 52 122 20 0 24 77 25 49 3 7 1 0 1.0612 2.4898 0.4898 1.5714 0.5102 0.044 7.4286 17.4286 3.4286 343 0.924 156 366
2167 0.225 0.312 37 64 12 0 17 48 36 80 1 1 1 0 0.4625 0.8 0.2125 0.6 0.45 0.312 37 64 17 80 0.312 37 64
2150 0.267 0.333 68 130 22 2 20 69 45 77 32 5 0 1 0.8831 1.6883 0.2597 0.8961 0.5844 0.0666 13.6 26 4 385 10.656 2176 4160
1950 0.247 0.343 67 119 15 4 12 49 67 84 6 13 1 0 0.7976 1.4167 0.1429 0.5833 0.7976 0.0264 5.1538 9.1538 0.9231 1092 2.058 402 714
1300 0.285 0.321 67 140 23 2 19 80 26 40 0 4 0 1 1.675 3.5 0.475 2 0.65 0.0802 16.75 35 4.75 160 0 0 0
360 0.245 0.322 19 45 11 1 1 15 18 43 3 16 0 0 0.4419 1.0465 0.0233 0.3488 0.4186 0.0201 1.1875 2.8125 0.0625 688 0.966 57 135
280 0.23 0.257 34 106 23 1 12 53 16 75 3 16 0 0 0.4533 1.4133 0.16 0.7067 0.2133 0.0161 2.125 6.625 0.75 1200 0.771 102 318
255 0.22 0.333 69 110 14 1 23 63 83 128 5 7 0 0 0.5391 0.8594 0.1797 0.4922 0.6484 0.0476 9.8571 15.7143 3.2857 896 1.665 345 550
147 0.242 0.288 35 72 12 4 3 23 15 52 12 19 0 0 0.6731 1.3846 0.0577 0.4423 0.2885 0.0152 1.8421 3.7895 0.1579 988 3.456 420 864
125 0.238 0.336 43 76 19 4 3 34 48 57 10 6 0 0 0.7544 1.3333 0.0526 0.5965 0.8421 0.056 7.1667 12.6667 0.5 342 3.36 430 760
109 0.308 0.31 4 8 1 0 0 3 1 3 0 1 0 0 1.3333 2.6667 0 1 0.3333 0.31 4 8 0 3 0 0 0
3742 0.273 0.33 89 174 42 3 33 108 49 112 20 9 1 0 0.7946 1.5536 0.2946 0.9643 0.4375 0.0367 9.8889 19.3333 3.6667 1008 6.6 1780 3480
3633 0.252 0.308 58 108 18 2 20 65 31 70 12 14 1 0 0.8286 1.5429 0.2857 0.9286 0.4429 0.022 4.1429 7.7143 1.4286 980 3.696 696 1296
2983 0.295 0.354 88 188 41 11 9 69 57 86 53 16 0 1 1.0233 2.186 0.1047 0.8023 0.6628 0.0221 5.5 11.75 0.5625 1376 18.762 4664 9964
2383 0.282 0.342 110 181 40 10 17 60 55 135 33 2 1 0 0.8148 1.3407 0.1259 0.4444 0.4074 0.171 55 90.5 8.5 270 11.286 3630 5973
2300 0.262 0.326 75 149 27 4 28 86 56 109 7 3 1 0 0.6881 1.367 0.2569 0.789 0.5138 0.1087 25 49.6667 9.3333 327 2.282 525 1043
1375 0.25 0.342 37 72 15 0 12 48 36 76 4 3 1 0 0.4868 0.9474 0.1579 0.6316 0.4737 0.114 12.3333 24 4 228 1.368 148 288
1000 0.244 0.271 22 71 17 0 5 36 11 45 0 5 0 1 0.4889 1.5778 0.1111 0.8 0.2444 0.0542 4.4 14.2 1 225 0 0 0
1000 0.234 0.274 41 104 18 3 0 29 24 107 7 20 0 1 0.3832 0.972 0 0.271 0.2243 0.0137 2.05 5.2 0 2140 1.918 287 728
900 0.216 0.318 20 40 5 1 1 21 29 21 0 4 1 0 0.9524 1.9048 0.0476 1 1.381 0.0795 5 10 0.25 84 0 0 0
775 0.25 0.364 27 60 12 1 2 24 44 44 0 1 1 0 0.6136 1.3636 0.0455 0.5455 1 0.364 27 60 2 44 0 0 0
600 0.243 0.286 27 85 6 2 0 27 22 49 5 23 1 0 0.551 1.7347 0 0.551 0.449 0.0124 1.1739 3.6957 0 1127 1.43 135 425
387 0.256 0.353 64 116 30 1 17 68 68 84 0 6 0 0 0.7619 1.381 0.2024 0.8095 0.8095 0.0588 10.6667 19.3333 2.8333 504 0 0 0
117 0.275 0.361 17 44 7 0 4 20 19 43 0 15 0 0 0.3953 1.0233 0.093 0.4651 0.4419 0.0241 1.1333 2.9333 0.2667 645 0 0 0
2700 0.246 0.293 58 144 22 1 18 66 33 104 5 18 1 0 0.5577 1.3846 0.1731 0.6346 0.3173 0.0163 3.2222 8 1 1872 1.465 290 720
2317 0.238 0.322 48 85 11 1 16 50 44 62 3 6 1 0 0.7742 1.371 0.2581 0.8065 0.7097 0.0537 8 14.1667 2.6667 372 0.966 144 255
1650 0.296 0.352 92 179 28 8 2 50 52 74 48 6 0 1 1.2432 2.4189 0.027 0.6757 0.7027 0.0587 15.3333 29.8333 0.3333 444 16.896 4416 8592
640 0.263 0.321 32 65 10 2 2 26 11 55 7 4 0 0 0.5818 1.1818 0.0364 0.4727 0.2 0.0802 8 16.25 0.5 220 2.247 224 455
190 0.258 0.295 38 94 14 1 3 20 14 26 4 12 0 0 1.4615 3.6154 0.1154 0.7692 0.5385 0.0246 3.1667 7.8333 0.25 312 1.18 152 376
170 0.2 0.258 11 23 7 0 1 13 8 34 1 4 0 0 0.3235 0.6765 0.0294 0.3824 0.2353 0.0645 2.75 5.75 0.25 136 0.258 11 23
135 0.211 0.274 5 12 2 0 0 3 3 2 0 5 0 0 2.5 6 0 1.5 1.5 0.0548 1 2.4 0 10 0 0 0
130 0.203 0.313 7 14 4 0 0 3 10 17 0 2 0 0 0.4118 0.8235 0 0.1765 0.5882 0.1565 3.5 7 0 34 0 0 0
130 0.293 0.354 8 17 7 0 0 9 6 12 1 2 0 0 0.6667 1.4167 0 0.75 0.5 0.177 4 8.5 0 24 0.354 8 17
3650 0.285 0.323 63 159 27 0 25 86 32 62 2 11 1 0 1.0161 2.5645 0.4032 1.3871 0.5161 0.0294 5.7273 14.4545 2.2727 682 0.646 126 318
3575 0.304 0.345 85 198 38 2 10 56 41 38 31 11 1 0 2.2368 5.2105 0.2632 1.4737 1.0789 0.0314 7.7273 18 0.9091 418 10.695 2635 6138
3500 0.268 0.359 102 163 20 6 5 50 83 68 51 4 1 0 1.5 2.3971 0.0735 0.7353 1.2206 0.0898 25.5 40.75 1.25 272 18.309 5202 8313
2500 0.259 0.358 71 106 22 5 18 66 62 86 0 7 1 0 0.8256 1.2326 0.2093 0.7674 0.7209 0.0511 10.1429 15.1429 2.5714 602 0 0 0
1900 0.273 0.284 52 143 20 3 3 49 11 38 21 22 0 1 1.3684 3.7632 0.0789 1.2895 0.2895 0.0129 2.3636 6.5 0.1364 836 5.964 1092 3003
1350 0.241 0.299 42 111 25 0 18 74 32 86 1 7 1 0 0.4884 1.2907 0.2093 0.8605 0.3721 0.0427 6 15.8571 2.5714 602 0.299 42 111
740 0.284 0.367 92 172 25 1 23 100 80 67 2 19 0 1 1.3731 2.5672 0.3433 1.4925 1.194 0.0193 4.8421 9.0526 1.2105 1273 0.734 184 344
650 0.246 0.31 25 41 13 0 5 22 15 42 0 5 0 1 0.5952 0.9762 0.119 0.5238 0.3571 0.062 5 8.2 1 210 0 0 0
620 0.318 0.453 104 178 31 2 32 109 138 112 1 3 0 0 0.9286 1.5893 0.2857 0.9732 1.2321 0.151 34.6667 59.3333 10.6667 336 0.453 104 178
565 0.274 0.304 72 161 14 13 0 49 26 58 26 3 0 0 1.2414 2.7759 0 0.8448 0.4483 0.1013 24 53.6667 0 174 7.904 1872 4186
235 0.241 0.313 37 55 2 3 0 18 20 21 11 11 0 0 1.7619 2.619 0 0.8571 0.9524 0.0285 3.3636 5 0 231 3.443 407 605
225 0.165 0.218 15 19 4 1 1 5 7 25 0 1 0 0 0.6 0.76 0.04 0.2 0.28 0.218 15 19 1 25 0 0 0
200 0.281 0.386 37 63 16 3 6 31 38 40 1 11 0 0 0.925 1.575 0.15 0.775 0.95 0.0351 3.3636 5.7273 0.5455 440 0.386 37 63
145 0.251 0.361 42 61 10 2 3 25 39 48 14 3 0 0 0.875 1.2708 0.0625 0.5208 0.8125 0.1203 14 20.3333 1 144 5.054 588 854
120 0.217 0.25 4 5 0 0 0 0 1 7 1 2 0 0 0.5714 0.7143 0 0 0.1429 0.125 2 2.5 0 14 0.25 4 5
109 0.225 0.333 71 8 16 4 0 3 14 12 25 1 0 1 5.9167 0.6667 0 0.25 1.1667 0.333 71 8 0 12 8.325 1775 200
4200 0.301 0.36 79 166 34 3 21 96 52 66 2 9 1 0 1.197 2.5152 0.3182 1.4545 0.7879 0.04 8.7778 18.4444 2.3333 594 0.72 158 332
3417 0.259 0.322 65 135 32 1 16 74 49 46 6 3 1 0 1.413 2.9348 0.3478 1.6087 1.0652 0.1073 21.6667 45 5.3333 138 1.932 390 810
3100 0.255 0.327 77 129 40 2 10 61 58 75 2 2 1 0 1.0267 1.72 0.1333 0.8133 0.7733 0.1635 38.5 64.5 5 150 0.654 154 258
1650 0.301 0.333 47 113 22 3 2 47 20 35 5 6 1 0 1.3429 3.2286 0.0571 1.3429 0.5714 0.0555 7.8333 18.8333 0.3333 210 1.665 235 565
1150 0.272 0.338 59 132 19 2 9 62 47 38 26 18 0 1 1.5526 3.4737 0.2368 1.6316 1.2368 0.0188 3.2778 7.3333 0.5 684 8.788 1534 3432
900 0.25 0.279 11 57 10 0 1 23 11 46 0 2 1 0 0.2391 1.2391 0.0217 0.5 0.2391 0.1395 5.5 28.5 0.5 92 0 0 0
740 0.277 0.33 34 74 18 2 13 41 17 52 1 4 0 1 0.6538 1.4231 0.25 0.7885 0.3269 0.0825 8.5 18.5 3.25 208 0.33 34 74
575 0.28 0.336 41 77 22 1 4 23 23 44 14 11 0 0 0.9318 1.75 0.0909 0.5227 0.5227 0.0305 3.7273 7 0.3636 484 4.704 574 1078
425 0.252 0.301 15 35 5 1 5 22 10 23 1 1 0 1 0.6522 1.5217 0.2174 0.9565 0.4348 0.301 15 35 5 23 0.301 15 35
400 0.188 0.243 20 36 9 1 2 18 15 40 2 3 1 0 0.5 0.9 0.05 0.45 0.375 0.081 6.6667 12 0.6667 120 0.486 40 72
287 0.277 0.32 24 51 9 0 2 13 11 42 15 5 0 0 0.5714 1.2143 0.0476 0.3095 0.2619 0.064 4.8 10.2 0.4 210 4.8 360 765
275 0.261 0.289 86 164 28 9 8 64 24 99 20 4 0 0 0.8687 1.6566 0.0808 0.6465 0.2424 0.0722 21.5 41 2 396 5.78 1720 3280
183 0.217 0.283 45 80 16 4 5 34 30 75 17 17 0 0 0.6 1.0667 0.0667 0.4533 0.4 0.0166 2.6471 4.7059 0.2941 1275 4.811 765 1360
170 0.251 0.315 22 58 8 0 3 31 23 42 2 7 0 0 0.5238 1.381 0.0714 0.7381 0.5476 0.045 3.1429 8.2857 0.4286 294 0.63 44 116
153 0.216 0.267 20 51 7 0 1 17 16 45 3 13 0 0 0.4444 1.1333 0.0222 0.3778 0.3556 0.0205 1.5385 3.9231 0.0769 585 0.801 60 153
109 0.271 0.328 74 161 22 6 12 58 49 133 23 18 1 0 0.5564 1.2105 0.0902 0.4361 0.3684 0.0182 4.1111 8.9444 0.6667 2394 7.544 1702 3703
3100 0.284 0.373 72 131 20 1 20 89 67 48 4 9 1 0 1.5 2.7292 0.4167 1.8542 1.3958 0.0414 8 14.5556 2.2222 432 1.492 288 524
2992 0.319 0.352 92 195 29 6 15 89 31 78 11 7 1 0 1.1795 2.5 0.1923 1.141 0.3974 0.0503 13.1429 27.8571 2.1429 546 3.872 1012 2145
2800 0.277 0.385 84 148 34 1 29 93 95 117 5 1 1 0 0.7179 1.265 0.2479 0.7949 0.812 0.385 84 148 29 117 1.925 420 740
2500 0.311 0.336 54 137 28 1 10 69 14 22 1 9 1 0 2.4545 6.2273 0.4545 3.1364 0.6364 0.0373 6 15.2222 1.1111 198 0.336 54 137
1933 0.265 0.31 52 108 23 3 8 42 26 72 11 10 0 1 0.7222 1.5 0.1111 0.5833 0.3611 0.031 5.2 10.8 0.8 720 3.41 572 1188
1200 0.279 0.322 36 102 20 0 6 36 21 55 1 12 1 0 0.6545 1.8545 0.1091 0.6545 0.3818 0.0268 3 8.5 0.5 660 0.322 36 102
1075 0.31 0.363 79 137 27 8 18 74 34 79 13 8 0 1 1 1.7342 0.2278 0.9367 0.4304 0.0454 9.875 17.125 2.25 632 4.719 1027 1781
950 0.286 0.361 34 73 14 1 2 19 30 21 2 4 0 1 1.619 3.4762 0.0952 0.9048 1.4286 0.0902 8.5 18.25 0.5 84 0.722 68 146
450 0.303 0.401 21 50 10 1 6 23 24 25 0 3 0 0 0.84 2 0.24 0.92 0.96 0.1337 7 16.6667 2 75 0 0 0
360 0.281 0.351 78 159 24 6 1 50 59 40 25 19 0 0 1.95 3.975 0.025 1.25 1.475 0.0185 4.1053 8.3684 0.0526 760 8.775 1950 3975
175 0.286 0.378 35 57 7 2 5 20 30 35 5 8 0 0 1 1.6286 0.1429 0.5714 0.8571 0.0472 4.375 7.125 0.625 280 1.89 175 285
155 0.283 0.327 15 39 7 1 7 26 9 31 3 2 0 0 0.4839 1.2581 0.2258 0.8387 0.2903 0.1635 7.5 19.5 3.5 62 0.981 45 117
5000 0.307 0.357 110 203 44 5 25 116 56 91 16 8 0 1 1.2088 2.2308 0.2747 1.2747 0.6154 0.0446 13.75 25.375 3.125 728 5.712 1760 3248
3250 0.268 0.4 105 126 17 1 18 57 96 73 58 9 1 0 1.4384 1.726 0.2466 0.7808 1.3151 0.0444 11.6667 14 2 657 23.2 6090 7308
2825 0.201 0.33 62 97 22 0 22 75 93 116 2 5 1 0 0.5345 0.8362 0.1897 0.6466 0.8017 0.066 12.4 19.4 4.4 580 0.66 124 194
2600 0.276 0.346 86 158 33 0 25 85 58 113 6 2 1 0 0.7611 1.3982 0.2212 0.7522 0.5133 0.173 43 79 12.5 226 2.076 516 948
2050 0.274 0.312 50 125 31 1 6 67 22 70 2 16 0 1 0.7143 1.7857 0.0857 0.9571 0.3143 0.0195 3.125 7.8125 0.375 1120 0.624 100 250
1583 0.295 0.383 76 144 25 1 20 90 72 67 0 2 1 0 1.1343 2.1493 0.2985 1.3433 1.0746 0.1915 38 72 10 134 0 0 0
1150 0.063 0.063 0 1 0 0 0 1 0 2 0 1 1 0 0 0.5 0 0.5 0 0.063 0 1 0 2 0 0 0
1100 0.238 0.29 38 70 14 4 0 28 18 43 20 4 1 0 0.8837 1.6279 0 0.6512 0.4186 0.0725 9.5 17.5 0 172 5.8 760 1400
760 0.226 0.286 15 30 8 1 0 13 12 14 0 6 0 1 1.0714 2.1429 0 0.9286 0.8571 0.0477 2.5 5 0 84 0 0 0
525 0.261 0.321 16 53 4 0 1 17 16 28 0 7 1 0 0.5714 1.8929 0.0357 0.6071 0.5714 0.0459 2.2857 7.5714 0.1429 196 0 0 0
500 0.249 0.385 32 51 10 1 1 20 47 25 2 4 1 0 1.28 2.04 0.04 0.8 1.88 0.0962 8 12.75 0.25 100 0.77 64 102
205 0.249 0.336 33 46 8 0 3 21 23 42 12 4 0 0 0.7857 1.0952 0.0714 0.5 0.5476 0.084 8.25 11.5 0.75 168 4.032 396 552
185 0.238 0.289 21 56 5 1 0 21 14 37 3 12 0 0 0.5676 1.5135 0 0.5676 0.3784 0.0241 1.75 4.6667 0 444 0.867 63 168
115 0.235 0.268 9 16 5 0 2 4 3 11 3 2 0 0 0.8182 1.4545 0.1818 0.3636 0.2727 0.134 4.5 8 1 22 0.804 27 48
3750 0.256 0.338 52 95 13 1 27 69 43 57 2 7 1 0 0.9123 1.6667 0.4737 1.2105 0.7544 0.0483 7.4286 13.5714 3.8571 399 0.676 104 190
2188 0.248 0.3 58 139 29 3 17 88 44 61 0 6 1 0 0.9508 2.2787 0.2787 1.4426 0.7213 0.05 9.6667 23.1667 2.8333 366 0 0 0
2167 0.254 0.332 95 160 34 6 3 57 72 63 28 19 0 1 1.5079 2.5397 0.0476 0.9048 1.1429 0.0175 5 8.4211 0.1579 1197 9.296 2660 4480
2167 0.194 0.286 38 63 8 1 8 32 34 49 0 7 1 0 0.7755 1.2857 0.1633 0.6531 0.6939 0.0409 5.4286 9 1.1429 343 0 0 0
2050 0.327 0.399 76 179 42 1 22 100 71 82 18 5 0 1 0.9268 2.1829 0.2683 1.2195 0.8659 0.0798 15.2 35.8 4.4 410 7.182 1368 3222
1445 0.244 0.337 64 99 14 4 27 77 53 117 0 6 0 1 0.547 0.8462 0.2308 0.6581 0.453 0.0562 10.6667 16.5 4.5 702 0 0 0
875 0.305 0.347 35 54 6 2 6 23 10 27 16 3 0 1 1.2963 2 0.2222 0.8519 0.3704 0.1157 11.6667 18 2 81 5.552 560 864
560 0.307 0.405 98 167 35 1 14 52 84 72 0 16 0 0 1.3611 2.3194 0.1944 0.7222 1.1667 0.0253 6.125 10.4375 0.875 1152 0 0 0
360 0.23 0.302 42 98 16 4 1 41 45 37 7 14 0 0 1.1351 2.6486 0.027 1.1081 1.2162 0.0216 3 7 0.0714 518 2.114 294 686
162 0.247 0.286 16 44 13 0 2 22 9 38 0 8 0 0 0.4211 1.1579 0.0526 0.5789 0.2368 0.0357 2 5.5 0.25 304 0 0 0
133 0.205 0.272 11 23 2 0 4 9 11 24 0 3 0 0 0.4583 0.9583 0.1667 0.375 0.4583 0.0907 3.6667 7.6667 1.3333 72 0 0 0
109 0.216 0.285 38 87 12 0 19 51 35 117 0 3 1 0 0.3248 0.7436 0.1624 0.4359 0.2991 0.095 12.6667 29 6.3333 351 0 0 0
4300 0.266 0.359 115 152 32 1 44 122 78 152 26 10 1 0 0.7566 1 0.2895 0.8026 0.5132 0.0359 11.5 15.2 4.4 1520 9.334 2990 3952
3850 0.322 0.389 115 203 49 3 26 88 68 72 4 13 0 1 1.5972 2.8194 0.3611 1.2222 0.9444 0.0299 8.8462 15.6154 2 936 1.556 460 812
2387 0.341 0.408 108 201 27 3 15 78 65 78 36 15 1 0 1.3846 2.5769 0.1923 1 0.8333 0.0272 7.2 13.4 1 1170 14.688 3888 7236
950 0.278 0.377 76 113 17 2 17 49 58 70 1 1 1 0 1.0857 1.6143 0.2429 0.7 0.8286 0.377 76 113 17 70 0.377 76 113
675 0.271 0.339 21 54 8 1 2 20 21 25 2 12 1 0 0.84 2.16 0.08 0.8 0.84 0.0282 1.75 4.5 0.1667 300 0.678 42 108
600 0.252 0.283 44 136 18 4 9 44 25 84 11 22 1 0 0.5238 1.619 0.1071 0.5238 0.2976 0.0129 2 6.1818 0.4091 1848 3.113 484 1496
287 0.264 0.321 78 144 34 1 27 102 42 118 4 7 0 0 0.661 1.2203 0.2288 0.8644 0.3559 0.0459 11.1429 20.5714 3.8571 826 1.284 312 576
230 0.269 0.332 46 106 22 0 20 69 33 93 0 7 0 0 0.4946 1.1398 0.2151 0.7419 0.3548 0.0474 6.5714 15.1429 2.8571 651 0 0 0
215 0.194 0.27 8 28 3 2 1 11 16 23 1 2 0 0 0.3478 1.2174 0.0435 0.4783 0.6957 0.135 4 14 0.5 46 0.27 8 28
183 0.213 0.312 36 57 8 3 2 26 39 32 8 16 0 0 1.125 1.7812 0.0625 0.8125 1.2188 0.0195 2.25 3.5625 0.125 512 2.496 288 456
170 0.111 0.138 3 3 0 0 0 1 1 7 0 1 0 0 0.4286 0.4286 0 0.1429 0.1429 0.138 3 3 0 7 0 0 0
160 0.264 0.318 24 48 7 0 1 22 15 18 0 8 0 0 1.3333 2.6667 0.0556 1.2222 0.8333 0.0398 3 6 0.125 144 0 0 0
142 0.187 0.281 38 50 9 2 15 37 32 98 0 10 0 0 0.3878 0.5102 0.1531 0.3776 0.3265 0.0281 3.8 5 1.5 980 0 0 0
140 0.264 0.27 24 74 16 0 3 27 5 42 0 11 0 0 0.5714 1.7619 0.0714 0.6429 0.119 0.0245 2.1818 6.7273 0.2727 462 0 0 0
109 0.258 0.395 6 8 1 0 1 6 7 11 0 1 0 0 0.5455 0.7273 0.0909 0.5455 0.6364 0.395 6 8 1 11 0 0 0
