9.868
7.724
7.552
8.481
10.756
11.886
10.506
4.954
7.454
7.802
8.562
12.82
9.886
9.847
12.976
7.452
10.624
9.203
6.164
12.08
6.625
7.612
13.99
6.198
8.221
7.312
8.93
9.199
10.305
8.196
8.761
10.057
8.842
7.538
9.24
10.117
5.893
8.865
8.782
9.286
8.448
5.198
10.349
10.454
9.114
5.179
5.883
11.902
5.631
3.959
3.169
4.982
3.148
2.342
3.787
3.269
5.133
5.143
4.293
4.392
5.343
4.591
4.273
6.001
5.932
4.193
3.669
4.738
4.114
3.626
4.165
2.544
4.096
5.312
2.12
3.732
2.936
4.009
4.5
3.411
6.167
3.496
3.009
6.439
4.366
3.653
4.16
3.528
4.192
5.432
4.839
4.217
5.058
2.488
5.05
3.943
3.874
3.509
5.018
4.563
