match eyediff nosecheekdiff variabilityratio
1 0.009682767 0.027914422 1.0862036
1 0.027613893 0.017821209 0.98984042
1 0.015366519 0.025831893 1.010983
1 0.013371465 0.024047631 1.0127243
1 0.011427641 0.017800852 1.0443961
1 0.068604835 0.050388073 0.95081755
1 0.0092405937 0.016042421 1.0067264
1 0.030349 0.01470776 1.0186794
1 0.031075438 0.069049962 1.0307903
0 0.0072111477 0.099909148 0.92894993
1 0.069536689 0.032552742 1.0339174
1 0.05868035 0.18197674 1.0381024
1 0.02430064 0.168968 1.0474329
1 0.017598196 0.017453278 1.0307914
1 0.0447438 0.01694798 1.0434113
1 0.081175228 0.04882483 0.9450776
1 0.001030564 0.058073308 0.97967181
1 0.026019576 0.0021987869 0.97439271
1 0.010668888 0.0097865441 1.0132489
0 0.0048584142 0.04042454 0.97750209
1 0.022477321 0.0029234122 0.98996514
1 0.064212629 0.060117803 0.9759677
1 0.047973733 0.018955259 1.0229179
1 0.016297828 0.037915372 0.99772616
1 0.090643955 0.053423339 1.0664788
1 0.025401783 0.01076933 0.997564
1 0.09880217 0.099878692 1.1425239
1 0.010717157 0.065047576 0.97634232
1 0.061341727 0.015821612 0.95647762
1 0.064548892 0.03421895 0.97721782
1 0.0086919549 0.0088428625 1.0311007
1 0.058444264 0.0043283026 0.99422027
1 0.04722768 0.12425692 0.95336121
1 0.059103254 0.080039042 1.0469412
1 0.0055770824 0.01792558 0.97910788
1 0.0030736314 0.017096073 1.0107789
1 0.03482266 0.12332899 1.0019747
1 0.023365408 0.075979583 0.99271634
1 0.027950687 0.038528298 1.0287591
1 0.029037878 0.059683285 0.97509631
1 0.0021463261 0.10882571 1.0258629
0 0.027480105 0.038844799 1.0033936
1 0.0097749047 0.034289681 0.98885295
1 0.074143803 0.049431658 1.0092391
0 0.0033195911 0.19130946 1.107591
1 0.067488939 0.086301698 0.97764872
1 0.042309119 0.050193297 0.98715018
1 0.061710515 0.097410509 0.92907665
0 0.10248747 0.06498161 0.97776464
1 0.015270138 0.12670617 0.90054138
1 0.074052736 0.025987804 0.96635203
1 0.05994453 0.054311853 0.96109949
1 0.040862351 0.027310804 1.0192792
1 0.054870601 0.0091174425 0.97031733
1 0.074469994 0.037408381 0.9871329
1 0.032672652 0.052345557 0.98781076
1 0.075415615 0.03820373 1.0090212
1 0.018367992 0.049251432 1.0296607
0 0.12290015 0.1164114 1.0633253
1 0.024907978 0.016685222 0.99277925
1 0.06224354 0.0063675951 1.0406969
1 0.036612557 0.10625451 1.0691924
1 0.060998959 0.048823964 1.0784355
1 0.057666896 0.077425458 1.0785344
1 0.078381142 0.049316885 1.0262071
1 0.015743809 0.016452916 1.0941329
0 0.058375551 0.025718259 0.92828294
0 0.035030615 0.019186038 0.96139635
1 0.0027816533 0.026278444 0.99275522
0 0.030617607 0.035706756 0.99942064
0 0.09591837 0.21556261 1.0956292
0 0.021800028 0.050261234 0.97142798
1 0.049330606 0.0094907505 0.90894563
1 0.07148833 0.078934855 1.0479078
1 0.088237242 0.091494912 1.0633242
0 0.00037725544 0.16040089 0.93473954
0 0.022684494 0.1461904 0.97009168
1 0.030539586 0.14266404 1.0867098
1 0.0097594651 0.04566648 0.99186926
1 0.06439181 0.12352633 1.1083289
1 0.033447735 0.011660912 0.97640496
1 0.015653984 0.021031709 0.99353874
1 0.01802577 0.04225207 1.079049
1 0.014910676 0.018201988 0.98976144
1 0.038343942 0.048642261 0.96088463
0 0.090896095 0.16017865 0.84323475
0 0.00084080401 0.057485189 0.91910149
1 0.019509446 0.14995447 1.0054398
0 0.036647233 0.08224967 1.0684301
0 0.041571268 0.12616139 0.94133591
1 0.015653833 0.019402942 0.97877504
0 0.058028953 0.08141708 0.98392345
1 0.040746374 0.036952209 0.93740281
0 0.092698297 0.059910639 0.97443088
1 0.035368671 0.026390551 0.96499489
1 0.024252017 0.11110949 1.0961207
0 0.0087909296 0.11403924 0.94466846
0 0.028453905 0.0053533055 0.94756727
1 0.080547691 0.0078302666 0.98273906
1 0.01403205 0.074956822 0.98686395
1 0.053132931 0.017787996 1.0602964
1 0.0081141225 0.047869841 1.0130843
0 0.058552041 0.11022587 0.97315802
1 0.0043778777 0.052747571 1.0631244
1 0.10634668 0.16932391 0.93989529
1 0.026901809 0.13181669 0.8839735
0 0.073944416 0.0058105613 0.98463691
1 0.00079907443 0.013068955 1.0086372
0 0.02720825 0.10711348 0.94536386
0 0.029489527 0.06502136 0.99572956
1 0.060229326 0.068081126 0.96017135
1 0.014245074 0.024392949 0.98221059
0 0.18871171 0.095580173 1.2945203
1 0.015518342 0.003741897 1.0407184
1 0.075680057 0.070848872 0.97295718
1 0.1540359 0.15119398 1.0649568
1 0.0054876341 0.037473668 1.0371179
1 0.015886094 0.0098476495 1.0478074
1 0.0024381567 0.082513928 0.98702362
1 0.0047289628 0.049024964 0.96888222
1 0.042384435 0.036985626 1.0415848
1 0.009135423 0.010988343 1.0090392
1 0.00767961 0.023765616 1.0155659
0 0.039985391 0.16187873 0.97214393
1 0.062403574 0.00175519 0.98960544
0 0.038407313 0.023535818 1.0095791
1 0.041736571 0.016266114 0.99015439
1 0.021073838 0.062704777 1.0302547
1 0.029804801 0.051807444 1.0420915
1 0.035159024 0.066272843 0.96464192
1 0.082372515 0.0086791747 0.99943534
1 0.021765226 0.0087447195 0.99419143
1 0.0056605026 0.058712742 1.0077834
1 0.11956022 0.03415453 0.99261985
1 0.032584043 0.044228922 0.98595463
1 0.015627474 0.02143143 0.99948693
1 0.060255674 0.020163547 0.98540704
1 0.023368581 0.051447919 1.0948102
1 0.0073642623 0.20887456 0.89678797
1 0.052948067 0.081781351 1.0131078
1 0.036590505 0.15804708 1.1333374
1 0.025650239 0.041921664 0.99045035
1 0.069696994 0.11795732 1.0633443
1 0.049166852 0.074897893 1.0120854
1 0.038409384 0.21071556 0.96817256
0 0.010992678 0.18287057 0.87939508
0 0.0037194933 0.052613929 1.0375283
1 0.047273546 0.023987529 0.96924159
1 0.043098628 0.012177269 1.024221
1 0.034841613 0.18494139 0.92694089
1 0.0024440516 0.044429877 0.99375361
0 0.069096813 0.046128784 1.00412
1 0.091721056 0.0886626 0.9866333
1 0.072243835 0.14209562 1.0211927
1 0.061855665 0.10950603 1.0534738
1 0.04976282 0.021254397 1.0139984
1 0.011408332 0.10794818 0.97773755
1 0.058616355 0.048110288 0.95115616
0 0.081413302 0.031125055 0.96876935
1 0.09378588 0.040188854 0.99561308
1 0.16879091 0.061306115 1.0582881
1 0.014659093 0.0013907067 1.0085922
1 0.019417159 0.036147632 0.98143584
1 0.00489587 0.083651666 1.0435071
1 0.08747586 0.041171329 0.96835609
1 0.073078443 0.12437406 1.0636267
1 0.027556203 0.0039846494 0.98569056
1 0.029770562 0.020768178 1.0684112
1 0.00024653932 0.026137536 1.0016712
1 0.12784314 0.084910919 1.1015998
1 0.066137403 0.022599913 0.97227377
1 0.02676537 0.0050582439 0.96830831
1 0.090559225 0.022514428 0.94703348
1 0.0033117167 0.020865382 0.94752601
1 0.11504282 0.066240516 0.90995587
1 0.010325445 0.0076909309 1.0094464
1 0.054248522 0.17113457 1.1686301
1 0.017816043 0.022782817 0.99138624
1 0.016897764 0.010982078 1.0279859
1 0.0050902258 0.012560739 0.98327264
1 0.023814521 0.079836544 1.105935
1 0.10174718 0.11606819 0.99914783
1 0.055547536 0.036371965 0.94532887
1 0.037272206 0.10519723 1.0272241
1 0.031040324 0.015193378 0.97883246
1 0.16544611 0.1769526 0.78085215
1 0.032700198 0.088411907 1.1418937
1 0.11829783 0.23685447 1.1266413
1 0.012983622 0.11611935 1.0439212
0 0.0214914 0.047955487 1.0017703
1 0.018696005 0.10884466 0.98582774
1 0.015954193 0.023453367 0.98379712
1 0.014195856 0.053145433 0.9782575
1 0.074255999 0.00011278501 0.99426074
1 0.03713514 0.050353921 1.043057
1 0.0036577408 0.0050664721 0.99766266
1 0.017042993 0.11292238 1.080251
1 0.072428548 0.040878243 1.0228449
1 0.0064563125 0.026907171 1.002518
0 0.18126019 0.15591308 1.1181902
0 0.078826826 0.15570071 1.0427063
1 0.069178027 0.074559654 1.0337054
1 0.033975284 0.055170165 1.0238175
1 0.068237016 0.090500656 1.0753951
1 0.017959345 0.06605223 0.93879411
1 0.031468423 0.11136173 0.88459388
1 0.048696908 0.088929818 0.96955846
1 0.0147767 0.016252478 0.98501408
1 0.074338512 0.027376148 0.93208285
1 0.055912891 0.084637073 1.002582
1 0.077242825 0.014044663 1.022877
1 0.03472893 0.080491634 0.94817081
0 0.22838464 0.0083090106 1.0006957
1 0.046465508 0.01475453 1.0315887
1 0.077409819 0.097208137 1.0075686
1 0.14849295 0.043567989 0.98020363
1 0.075480353 0.074214483 1.0317462
1 0.032459713 0.0076063633 0.98915735
1 0.11540273 0.055902558 1.1146322
1 0.065406814 0.0037776166 1.0011468
1 0.0087032602 0.04818281 1.011692
1 0.026020383 0.022339151 1.0050087
1 0.027978829 0.027609206 1.007217
1 0.026725801 0.0082774055 0.98786644
1 0.080162398 0.046398164 1.0275656
1 0.029555644 0.038149155 0.92769093
1 0.056253452 0.010633075 1.0310066
1 0.029522316 0.0009210201 1.0089092
1 0.10578988 0.10764379 0.95751925
1 0.026537754 0.017187425 1.0225175
0 0.13093099 0.31118361 1.0340718
1 0.054798086 0.0015693688 1.0133201
1 0.013772898 0.039381949 1.0123345
1 0.073264159 0.10750732 1.0733038
1 0.079076697 0.02581041 1.0401652
1 0.025080399 0.011561452 1.0011745
0 0.062906522 0.0030349387 1.0989574
1 0.01670887 0.055785411 1.0752616
1 0.086647998 0.1059865 0.95089052
1 0.035423023 0.04908214 0.98850879
1 0.037745053 0.082099469 1.0379005
1 0.17320096 0.15741076 1.0036356
1 0.0038283482 0.11892961 0.96034398
0 0.075906995 0.13094331 0.99575495
1 0.011315108 0.096129607 1.0423636
1 0.000125669 0.01413284 1.070795
1 0.0043979963 0.068474803 1.0516774
0 0.10835751 0.17119928 0.91203655
1 0.03730256 0.07616523 1.0075876
1 0.099938991 0.043884909 1.0036637
0 0.12403223 0.020942681 0.98446514
0 0.019311074 0.049230161 0.98408494
1 0.021318444 0.040677145 1.0102703
1 0.016908148 0.1931189 0.98803161
1 0.062954939 0.013609366 0.98867821
1 0.021857136 0.08714787 1.1289693
0 0.16651441 0.18748404 0.97096796
1 0.0073103391 0.006076338 1.0449348
0 0.12460774 0.18347809 1.055131
0 0.19120398 0.038972103 1.2509395
1 0.028373735 0.051805152 0.9429206
0 0.072541479 0.010241309 1.011157
1 0.079172243 0.023588865 1.1017125
1 0.051681549 0.010414073 1.0237102
1 0.054751035 0.090213631 1.0489125
0 0.13127397 0.14924731 1.160329
1 0.079807977 0.08958944 1.0493576
1 0.042882345 0.09736525 1.0139192
1 0.065320434 0.061127674 1.067998
0 0.16750694 0.29849963 0.92602442
0 0.027627972 0.16013529 0.89744417
0 0.074497604 0.01933379 1.0810032
0 0.16074435 0.066666563 1.1052092
1 0.16806439 0.1471522 1.1757635
0 0.079924713 0.22110363 1.0192018
1 0.11435661 0.082990904 1.1486154
0 0.037770258 0.041570497 0.82909758
0 0.023264592 0.20431241 0.95137977
0 0.12965137 0.11001539 1.0118371
0 0.084724938 0.17200593 0.93843796
0 0.0321331 0.25868801 0.78702656
1 0.051341928 0.11034815 1.0060962
1 0.00011161559 0.033060664 1.0145395
1 0.052540876 0.027551667 0.99912124
1 0.017031808 0.1050731 1.0200929
1 0.047046567 0.052173634 1.0369423
1 0.038922434 0.029529637 0.95021202
0 0.028794868 0.038336201 0.96261604
1 0.17904382 0.014397924 0.97772625
1 0.017400411 0.13564936 1.0033621
1 0.0234138 0.020507591 1.1183559
0 0.05621553 0.1244523 0.98626125
1 0.081732502 0.11459966 1.0995435
0 0.091743917 0.078389018 1.0630651
1 0.010715606 0.031309359 1.0352919
1 0.011532621 0.00075589495 1.1058154
1 0.025196802 0.046915595 1.0094052
0 0.026267738 0.044108266 1.0947325
0 0.12230522 0.10389434 1.1299805
0 0.23361586 0.13878999 1.1517349
1 0.017237715 0.0029158122 1.0081446
1 0.011984925 0.079205488 0.95353115
1 0.11866697 0.047415233 1.0555618
1 0.015108742 0.13951871 1.05882
1 0.057127447 0.0043259632 0.94590195
1 0.0022678274 0.008469902 1.0104671
1 0.029633681 0.13698603 1.0476578
1 0.096871758 0.095960543 1.0576595
0 0.005905576 0.12559486 1.0891311
1 0.10630929 0.10031896 0.96509091
1 0.087303291 0.14447301 1.0107523
1 0.091950601 0.069452789 1.0262199
1 0.013131792 0.036909701 1.0450599
1 0.050054296 0.052307943 0.95913451
0 0.089098166 0.16272342 1.0978866
0 0.17151481 0.05796446 1.0320989
1 0.02554546 0.10135328 1.0013934
1 0.082869178 0.076989046 0.99232821
0 0.045309061 0.068529167 0.99945328
0 0.012015229 0.021594136 1.1100465
1 0.08891575 0.033076032 1.0820891
1 0.019943864 0.060280899 1.0775868
0 0.07294305 0.20478111 1.1258805
0 0.048742584 0.034928773 0.82833865
0 0.004685084 0.031010814 0.98277173
1 0.046546685 0.030826529 1.0361371
1 0.097883955 0.16888481 1.0569782
1 0.042598416 0.083795872 1.1154731
0 0.11313883 0.23358051 1.0023568
0 0.065620839 0.13442718 1.0974934
0 0.06408614 0.20426621 1.164073
1 0.12301379 0.10036632 1.0505188
0 0.10536796 0.068348525 1.0337499
1 0.070075783 0.055071005 0.98173755
0 0.0062106037 0.009802677 1.0108088
1 0.1139375 0.09663635 0.82518312
1 0.074461146 0.018368599 0.96390692
0 0.0073308635 0.30194507 1.1784745
1 0.051071338 0.063244709 1.06471
0 0.23622924 0.22848572 0.84815412
1 0.11490346 0.07657276 1.0732187
0 0.25090361 0.20974916 1.110878
1 0.1185794 0.033683259 0.96749381
1 0.11167739 0.047707895 1.1260036
1 0.056649597 0.12210735 1.2832599
0 0.064716825 0.097423278 1.0919607
0 0.24606035 0.22540024 1.1809494
1 0.026224681 0.055084801 0.90555769
1 0.010217985 0.056160348 1.1289339
0 0.091141467 0.36830005 0.98374551
1 0.011473642 0.027200664 1.0504152
0 0.0071912528 0.15344208 1.0946269
0 0.17742203 0.24201554 1.1783449
1 0.064898217 0.017128718 0.98323425
0 0.053789038 0.10485753 0.94716526
1 0.057404948 0.086848953 0.93030272
0 0.1127101 0.16443434 0.93288522
1 0.029402776 0.028124972 1.0009293
1 0.048301763 0.028505338 0.98629923
0 0.20759374 0.072493484 1.079229
1 0.028429011 0.10267456 0.85962195
0 0.061749616 0.12962562 0.99594248
1 0.030054583 0.036021444 1.0911255
1 0.012727298 0.12572992 1.2247861
1 0.10710927 0.17478609 1.1076751
0 0.061377169 0.016399748 1.0030169
0 0.0027325982 0.043531778 1.0886724
1 0.00017706276 0.021398324 0.98332493
0 0.035817679 0.054538074 1.0533815
1 0.10391171 0.064398852 1.1141856
1 0.19012517 0.17855545 1.0136212
1 0.0871484 0.077235518 1.0422478
1 0.18264162 0.11584539 1.010532
1 0.066519963 0.024571641 1.0745849
0 0.099105279 0.34705044 1.1699493
0 0.02990682 0.057263652 1.1201965
0 0.12374363 0.093030643 1.0925939
1 0.016181673 0.062998467 1.0648246
1 0.11794392 0.1471502 0.99948386
1 0.03624669 0.153839 1.0016878
1 0.035601968 0.091914764 1.1303645
0 0.18640306 0.23587725 1.1444405
1 0.037321069 0.037552991 1.0518063
1 0.04276646 0.059967348 1.1205602
1 0.12163324 0.16431652 0.93522319
1 0.021992951 0.0276479 1.0551583
1 0.039875705 0.0092938227 1.0661578
0 0.015424221 0.059743849 0.85623724
1 0.039285783 0.020527908 1.1227362
1 0.017230633 0.054840987 0.97571602
1 0.024311321 0.061768763 1.0911091
1 0.084519874 0.025928706 0.92686303
0 0.064152402 0.030966326 1.061407
0 0.0019860332 0.095236493 0.95555707
1 0.05069155 0.019675229 0.97350943
1 0.039381386 0.042951753 1.1109109
0 0.010950674 0.052510485 1.0309373
1 0.070485175 0.19360714 1.0488924
1 0.113884 0.16801126 1.0731713
0 0.13043182 0.060888362 1.0434256
1 0.080289836 0.13101226 1.1239806
0 0.17990416 0.056772761 1.1225138
1 0.065642781 0.08798166 1.0910924
1 0.090360243 0.098620766 0.99366484
1 0.086465183 0.056786571 1.0531039
1 0.09198105 0.017663462 1.0881771
1 0.025625863 0.010006069 1.0286615
1 0.11942678 0.019255707 0.985874
1 0.021320232 0.10998209 0.91874061
0 0.050075928 0.11172622 1.1193556
1 0.027723889 0.033816681 0.96326639
1 0.012414413 0.019154854 0.95443504
1 0.015504462 0.0075594193 1.0133149
1 0.0068053409 0.047325652 0.95837165
1 0.044679448 0.090586824 0.96154938
1 0.0011018332 0.0080623692 1.0091082
0 0.039388855 0.10465704 0.95325621
1 0.0086253665 0.051034032 0.97903787
1 0.0071568755 0.087043522 0.92594914
1 0.012312963 0.036925119 0.99172768
1 0.056598937 0.048101264 1.0053007
1 0.019499708 0.070885772 0.92247902
1 0.032673891 0.06409654 1.0907251
1 0.093055617 0.039610844 1.143987
1 0.0075117479 0.085906222 0.93636786
0 0.13419646 0.081906876 0.828776
1 0.020955714 0.016612096 1.0178768
1 0.010797988 0.0085752529 0.95448488
1 0.033186593 0.051587952 0.97018155
1 0.043585512 0.000785378 1.0018358
1 0.0067995774 0.011610627 0.9690417
1 0.0064636826 0.0015715989 1.0055066
1 0.055578404 0.010965203 0.98604771
1 0.0072230435 0.0056352675 0.99529599
1 0.15077741 0.028254185 0.90006428
1 0.032153747 0.013581268 1.0019458
1 0.0030287485 0.0087443996 0.98677973
1 0.0043235995 0.013412915 0.97276233
1 0.013377898 0.091860458 1.0195027
1 0.062647587 0.16697627 1.0672458
1 0.0063942741 0.079958902 0.98694707
1 0.009424836 0.0070830569 0.95959982
1 0.019889379 0.043768765 0.96247596
0 0.040361205 0.12585323 0.99590025
1 0.0013814083 0.039753377 0.99689682
1 0.021287353 0.085380494 0.94173742
1 0.02628522 0.021276432 0.98902813
1 0.076083162 0.084211279 0.96910637
1 0.044524788 0.032598644 1.0267639
1 0.025825886 0.098645773 1.0152612
1 0.013307438 0.027008737 0.97939703
1 0.079007715 0.020777232 1.0098728
1 0.052026848 0.08853178 0.99647509
1 0.028687429 0.0060951952 0.98028072
1 0.020537778 0.0046687087 1.0896682
1 0.0047967179 0.0056371168 1.0530218
1 0.018301662 0.04121318 1.0043067
1 0.021324938 0.02917316 1.0257607
1 0.016643123 0.030775379 0.98179942
1 0.029842829 0.036370777 1.0506607
1 0.034132648 0.013778354 1.058537
1 0.045681885 0.0059157426 1.0227301
1 0.058168014 0.0055689618 1.0636477
1 0.053105034 0.002652065 0.99493975
1 0.011498995 0.21712579 1.0198402
1 0.022260688 0.036870748 0.97221475
1 0.020681007 0.0016958465 1.0016109
1 0.034947047 0.035205806 1.0309287
0 0.019093223 0.092563813 1.0003687
1 0.026115518 0.024429353 0.97802286
1 0.0037730773 0.011124585 1.016245
1 0.0261897 0.0013241311 0.96354483
1 0.016787125 0.014364852 0.96004802
1 0.028396239 0.017319085 1.0591098
1 0.0047184221 0.052706341 1.0984506
1 0.041122467 0.048833031 1.0363191
1 0.17165545 0.024699374 1.0560812
1 0.013308097 0.00019465739 1.0167206
1 0.001408907 0.0013253139 1.0986991
1 0.026942574 0.016613219 1.1032735
1 0.038620663 0.0037927288 1.0339481
1 0.016363815 0.044073251 1.0128219
1 0.0055434967 0.028516425 1.0276871
1 0.0037427608 0.0035807619 1.0100121
1 0.057850886 0.050400616 1.0009895
1 0.036719131 0.037838091 0.95707024
0 0.027806786 0.15558398 0.99541873
1 0.0095670647 0.056856327 0.95874577
0 0.038332065 0.17852801 0.91864721
1 0.029747183 0.0040504831 1.1315596
1 0.011647698 0.017724115 0.94076022
1 0.055121904 0.11087821 0.97050656
1 0.01511298 0.061752216 1.0510854
1 0.012439281 0.036875771 0.97661246
1 0.00073683863 0.011935183 1.0424964
0 0.055845121 0.07362921 1.0508907
1 0.046514907 0.026247715 0.92590335
1 0.049219985 0.033623232 0.90686181
1 0.025786505 0.0003074215 0.9326519
1 0.040640311 0.027270279 1.0766565
1 0.017453755 0.021617096 1.1356534
1 0.014933498 0.037195097 1.0362389
1 0.0091245456 0.056457912 1.0328331
1 0.0019623958 0.01561544 1.0027354
1 0.040226264 0.013525641 1.0438708
1 0.0067580633 0.021314126 0.99135537
1 0.0049196102 0.044060266 1.1139743
1 0.096521529 0.20209031 1.0780613
1 0.019889151 0.0096346886 1.0126632
1 0.054204407 0.0097670584 1.0713059
1 0.0093803996 0.020084671 0.96857493
1 0.067367718 0.03480074 1.0608961
1 0.039593669 0.036867344 1.0870831
0 0.053247664 0.013483276 0.95698741
1 0.080873062 0.10898754 1.0353453
1 0.080389233 0.044970614 0.92538907
1 0.0096968558 0.019679874 0.978427
1 0.0061800408 0.0058885026 1.0053313
1 0.036543786 0.050310277 1.0634873
1 0.05022409 0.0031355431 1.0245085
1 0.049761805 0.00098592015 1.0353828
1 0.052546329 0.0072617124 1.0759403
1 0.041252553 0.014516682 1.0388983
1 0.017081027 0.033541034 1.0072273
1 0.15854057 0.030347652 1.0614898
1 0.0110295 0.10254502 0.99121908
1 0.048138593 0.02100881 1.016327
1 0.091382863 0.10443106 0.99361234
1 0.053880628 0.095780051 1.0141463
1 0.0013490802 0.07832001 1.0755734
1 0.037262944 0.12203504 1.028587
1 0.0036755768 0.0014409178 1.0933788
1 0.016000697 0.085467091 1.0293844
1 0.028965872 0.010279361 0.99159695
1 0.046798691 0.02164466 1.0048568
1 0.096902064 0.14645995 1.1537825
1 0.010675106 0.015498917 0.96743638
1 0.021081971 0.043991885 1.0031847
1 0.0059410712 0.05225851 1.0190137
1 0.054017014 0.078257259 1.037937
1 0.0098051119 0.027845243 0.91773975
1 0.025257839 0.02947389 0.97691343
1 0.026934389 0.0089365538 0.99065587
0 0.18528836 0.14076433 1.2177825
0 0.09480551 0.2039785 1.1092193
1 0.0055657729 0.041347912 1.0346768
1 0.12303045 0.045790867 0.9652899
0 0.013945445 0.15180435 0.98644386
1 0.061978456 0.00010462201 0.98687615
1 0.070080009 0.08553179 1.0592658
1 0.032986838 0.093413953 1.0216348
1 0.049330553 0.030794447 1.0032739
1 0.041653437 0.0081566653 0.97974133
1 0.068738802 0.056242768 1.0023622
0 0.10602098 0.056168355 1.0361739
1 0.0074520837 0.0064743381 1.0066132
1 0.024312465 0.076366451 1.120196
1 0.032910319 0.013521056 0.99734266
1 0.037602666 0.031538682 0.96445798
1 0.014632471 0.053568712 1.0767394
1 0.036555816 0.004963071 1.0446165
1 0.0065620623 0.013134045 1.0120757
1 0.063996866 0.023763984 1.034449
1 0.017245912 0.028487105 1.0400514
1 0.040384728 0.0045225093 1.0003978
1 0.13460324 0.074036017 1.0421036
1 0.11171614 0.13842408 1.0307796
1 0.10708545 0.11072654 0.92240317
1 0.050705957 0.011996954 1.0123338
1 0.048211525 0.023026022 0.96454836
0 0.11533987 0.097611951 0.8820279
0 0.059343807 0.24398634 0.90672062
1 0.024418947 0.097563098 1.0208774
1 0.063749669 0.034230613 1.0915191
0 0.026497864 0.19111874 1.0790837
1 0.01064624 0.061934303 1.0098564
1 0.046713486 0.042989902 1.0546504
1 0.019156341 0.018481718 0.96340671
0 0.069288456 0.1295979 1.0278107
1 0.065615127 0.020446201 0.98593275
0 0.017169897 0.020914467 1.0368158
0 0.046618225 0.014197094 1.0712635
1 0.056055732 0.089382165 1.0198744
1 0.074718182 0.061347572 1.0121877
1 0.03280534 0.01081684 1.0153272
1 0.060166627 0.091969184 1.0676178
1 0.051153587 0.067334232 1.0063752
0 0.039553854 0.37322985 1.1510654
1 0.0039956194 0.058957706 1.0062405
1 0.077650048 0.079672147 1.0571294
1 0.025673019 0.017513206 1.0023424
1 0.045724828 0.08018973 1.1654896
1 0.012128055 0.01161534 1.0246264
0 0.11802515 0.14092502 1.0733591
1 0.11543201 0.01379774 1.0048761
1 0.0050615685 0.069657754 0.95729428
1 0.07258554 0.032283821 0.97560446
1 0.020957411 0.021645841 1.0039448
1 0.018070175 0.00086457104 0.98048085
1 0.01263718 0.015601872 0.98483123
1 0.063031878 0.016210441 0.99382744
1 0.0093839624 0.034764338 1.0871218
1 0.023329062 0.046832768 1.0043976
1 0.0085667942 0.092260849 0.9884644
1 0.10381899 0.060022109 1.0229758
1 0.027280668 0.0040836928 1.0298397
1 0.032477958 0.21507378 1.0513594
1 0.0050488362 0.015270048 1.0384389
1 0.14736537 0.097236104 1.0712133
1 0.025391292 0.058843807 1.0878699
1 0.038272361 0.057440682 1.1381994
1 0.088722896 0.049112373 1.002957
1 0.02366638 0.0011929772 0.98724059
1 0.00092356967 0.036382522 1.0050555
1 0.0037921776 0.082551752 1.1183909
1 0.038150528 0.10090804 0.90220542
1 0.027958947 0.05550709 1.0429
1 0.078489485 0.047470649 1.0197287
1 0.0044131416 0.063916196 1.023453
0 0.057857378 0.13041287 1.0295412
1 0.012245757 0.009833783 1.0237327
1 0.0093988866 0.093499315 0.94236634
1 0.038920021 0.028910056 0.97902242
1 0.049636399 0.051885088 1.0786899
1 0.0088244259 0.0029285817 1.0123618
1 0.025222434 0.089666614 0.97789395
1 0.032114612 0.050358931 0.95531008
1 0.014612848 0.073676297 0.92880711
1 0.10301489 0.079229211 1.0261951
1 0.021552594 0.011510207 0.98385855
1 0.10651196 0.00014776488 0.97238988
1 0.018758567 0.0032286672 0.9924642
1 0.0062239397 0.03224423 0.94929077
1 0.03278294 0.00089050514 1.0051524
1 0.016458182 0.098834691 0.93985645
1 0.048519004 0.063466457 1.0076451
1 0.037789193 0.11455776 1.0106621
1 0.027591452 0.022708078 0.98427784
1 0.020620429 0.051599959 0.94840046
1 0.014806788 0.0090646606 0.98397267
0 0.20526145 0.091306974 1.0139451
0 0.029395505 0.16119785 0.92146984
1 0.031723892 0.093281003 0.81807359
1 0.043812719 0.009270019 0.96770375
1 0.0028583981 0.015095493 0.99580807
1 0.013813417 0.011046768 1.064158
1 0.02036499 0.014433573 1.0185932
0 0.032087154 0.070904313 1.1990919
1 0.015015352 0.0069799935 1.0258391
1 0.034895969 0.075412957 1.0852549
1 0.086396193 0.010377941 0.88414768
0 0.049131499 0.18049698 0.94257296
0 0.046683938 0.060247367 0.98339125
1 0.0034708401 0.051067847 1.0684084
0 0.045584447 0.067008043 1.0209481
1 0.034161813 0.01381474 1.044376
0 0.07584774 0.058757081 0.93474145
1 0.062360824 0.084885384 1.0078849
1 0.072937924 0.0066472812 0.94613693
1 0.048682028 0.029279728 0.95858199
1 0.009498733 0.019169638 1.0175242
1 0.07584496 0.2271228 1.0997695
0 0.11230761 0.0013209996 1.0470876
1 0.041974696 0.036710347 1.0560307
1 0.030814699 0.21538674 1.0887416
0 0.044709857 0.028408542 1.0860988
1 0.063430704 0.02410498 1.0538353
1 0.019512398 0.10945887 1.1399644
1 0.029743013 0.022048138 0.97403468
1 0.065296106 0.080987051 1.1739809
1 0.098127437 0.0044723823 0.94166895
1 0.010622615 0.0069322023 1.0124424
1 0.033267897 0.034914802 1.0331955
1 0.031444217 0.051224473 0.98373825
0 0.18411231 0.2276199 1.09642
1 0.043017533 0.0082246 0.98263912
1 0.012110502 0.0092740708 0.98330376
1 0.12236566 0.094354505 1.0250342
1 0.064747418 0.045666016 1.0001247
1 0.013607157 0.10819626 1.0374349
1 0.065796173 0.13923961 1.0754761
1 0.032509902 0.14691773 1.1477887
1 0.027349369 0.0016495299 1.0241067
1 0.022622561 0.016714088 0.99669238
0 0.044058516 0.030063273 1.0606833
1 0.073850661 0.01521499 0.96215941
1 0.014325768 0.13990016 1.0669301
1 0.0033645386 0.0069068066 1.0253839
1 0.016434989 0.12423038 0.86678363
0 0.012773592 0.0028151527 1.0790734
1 0.030593864 0.0592902 1.0056952
1 0.0025790283 0.1229539 1.0790107
1 0.015849309 0.010485344 1.0316992
0 0.054085064 0.1573824 1.1381044
0 0.05553218 0.045108443 1.0339598
1 0.19555161 0.14356263 1.2188221
1 0.12312282 0.030032756 1.0572268
1 0.10814249 0.025115338 1.0137221
0 0.065631349 0.1716106 0.91011673
0 0.023640153 0.1883304 1.0047592
1 0.025425974 0.069918638 1.0433816
1 0.20522122 0.10437277 1.0495298
1 0.030847475 0.22526431 1.1266349
0 0.14775363 0.087333994 1.0292689
1 0.033899806 0.015460773 1.006482
0 0.083428838 0.10757969 1.0924212
0 0.14117327 0.011650007 1.0677187
1 0.027634453 0.031054775 0.99800672
1 0.018440507 0.02344849 0.97516929
1 0.14198042 0.12962557 0.9469967
1 0.047550618 0.038404985 1.0084945
1 0.0018196865 0.066227156 0.9218068
1 0.029989635 0.02010108 0.98616961
1 0.022540491 0.02593042 0.99151982
1 0.094444664 0.01642976 1.0553841
1 0.089107879 0.060849944 0.95957337
1 0.098071142 0.048315664 1.0051206
1 0.016675776 0.010303071 0.99875909
0 0.064173207 0.024850369 0.98093741
1 0.068977826 0.10108673 1.0656834
0 0.17171748 0.14505821 1.1169109
1 0.0067635281 0.011636031 0.99619611
1 0.077400714 0.10088719 1.097401
0 0.15463615 0.10210742 1.2658292
1 0.08298907 0.007148853 1.0024405
0 0.15609926 0.26796756 1.110989
1 0.086325329 0.066295744 1.0097329
0 0.15137782 0.10893045 1.2500767
1 0.023877163 0.009202123 0.97835259
1 0.085386504 0.0066269876 1.0197025
0 0.035246863 0.098768178 1.0504718
1 0.027637945 0.02206306 0.96704157
0 0.20851017 0.15950266 1.1228181
1 0.094855514 0.042486909 1.0165347
1 0.017317504 0.017710503 0.95129564
0 0.052713672 0.16334673 1.0650048
1 0.07489532 0.039129581 1.0092806
0 0.17816864 0.05197596 1.0379307
0 0.13257501 0.15705934 0.87158701
0 0.033067017 0.005128304 0.85082717
1 0.00095441607 0.0050738783 1.0202466
1 0.028350268 0.039459951 0.98833904
0 0.02734578 0.18984744 0.90566625
0 0.11122169 0.021731227 0.94448637
1 0.12723658 0.042812269 1.121771
0 0.06636341 0.044578986 1.1294285
0 0.0438006 0.082104706 1.0470333
0 0.030915707 0.20337133 1.1241187
1 0.056051816 0.02090449 1.0667634
1 0.025612393 0.060113284 1.0824207
1 0.03836242 0.04211422 1.0272238
1 0.18163444 0.022167812 1.0094706
0 0.0063922861 0.072033699 1.02276
1 0.019038991 0.0018848788 1.0486831
1 0.00072732528 0.072591907 0.99965013
0 0.29929423 0.34203055 1.0837033
1 0.14634356 0.083308861 1.0875038
1 0.16243885 0.23439347 1.0511161
0 0.08047781 0.058794152 1.2351174
1 0.015655177 0.057002794 1.0356132
1 0.10110064 0.059536083 1.0606039
1 0.030981496 0.11048919 1.1391546
1 0.030171986 0.064959998 0.94247368
1 0.021881999 0.014046325 1.0547077
1 0.092609321 0.11449873 0.96761243
1 0.050282561 0.10678122 1.1244443
0 0.09986758 0.17391241 1.2496687
0 0.014574981 0.16250814 0.85192042
1 0.01634408 0.046138193 1.0564265
0 0.011451132 0.061430773 1.1339058
1 0.030587131 0.086491052 1.0225131
1 0.13143313 0.012409029 1.0762097
1 0.10967963 0.016359793 0.97719404
0 0.13900111 0.10507821 1.2245099
1 0.070994787 0.051536389 1.0052196
1 0.041680099 0.13422729 1.0624284
0 0.09856404 0.19652682 1.0821552
1 0.069677939 0.0093195694 1.0592357
1 0.11922681 0.0066002116 0.96411994
0 0.012069056 0.43987998 1.0618925
1 0.020749748 0.032097913 1.0494608
1 0.071976039 0.04233031 1.2713184
1 0.0075964238 0.042564685 1.0861788
1 0.038217766 0.093415362 1.0146007
1 0.005997895 0.039706086 1.0164699
1 0.040061209 0.013170175 1.0135811
0 0.031228899 0.22391891 1.1367098
0 0.048600202 0.041372051 1.0406839
1 0.058603419 0.15528235 1.0529272
1 0.012472795 0.048304712 1.0200127
1 0.035031506 0.0067786119 1.0177156
1 0.024014313 0.05548799 1.000585
1 0.024663041 0.014742954 1.0326163
1 0.022940957 0.08239723 1.0716069
0 0.075849502 0.19445318 1.1750332
0 0.19971083 0.32871572 1.069131
1 0.011239568 0.068379157 1.0231778
1 0.022851618 0.03881314 0.97686521
1 0.018875085 0.00041216379 1.0507953
1 0.038112221 0.0088986771 1.0417644
0 0.015230047 0.1445682 1.005819
0 0.1660138 0.24401587 1.083196
0 0.071617806 0.097515209 1.0449326
1 0.036943262 0.12733749 1.043766
0 0.1151286 0.10331993 0.93308462
0 0.090545668 0.10914986 1.1723205
0 0.14597454 0.1964685 1.2237797
1 0.11779327 0.091011821 1.0794194
0 0.058418748 0.1072306 1.0719651
1 0.050740281 0.28669193 0.93497177
1 0.023664968 0.0809517 1.0506689
0 0.25633885 0.14613036 1.0507524
0 0.032415573 0.19124367 1.1008315
1 0.053432043 0.035733752 1.1022753
1 0.038064422 0.078062093 0.98800728
1 0.005016821 0.15452697 0.99696107
0 0.094892494 0.18857201 1.1289148
1 0.0080500837 0.0073058504 1.0072513
1 0.09745074 0.018213477 0.9846336
0 0.10012052 0.028266668 0.95938294
1 0.0096398012 0.011901778 1.032864
1 0.032948685 0.005143969 1.0429734
1 0.0074448997 0.050682633 0.99350994
1 0.056461342 0.0053911389 0.9787199
1 0.026063193 0.014427485 0.97859927
0 0.066978134 0.030365213 0.90994187
1 0.019964503 0.1160887 0.99996335
1 0.01188422 0.1927015 0.89658587
1 0.027023611 0.10616984 1.0161304
1 0.033275666 0.0041821086 0.97000563
1 0.040605032 0.00052663819 0.96712402
1 0.0074874248 0.021107519 1.0192458
1 0.010286918 0.0008191484 0.99201494
1 0.012804204 0.058837723 0.9916692
1 0.087474016 0.01060032 1.070714
1 0.0019154797 0.002606536 1.0112122
1 0.038972097 0.018768304 1.0025412
1 0.013256844 0.013783122 1.0242592
1 0.0061529789 0.021552882 0.99906365
1 0.014128714 0.012593242 1.0237204
1 0.044279848 0.080731676 0.96258057
1 0.064624695 0.014993354 0.99856942
1 0.056495684 0.034374007 0.9969372
0 0.094420233 0.01949632 1.1360552
1 0.05323223 0.11841787 1.0120824
1 0.002697424 0.013438048 1.0149881
1 0.0040424076 0.0023744353 1.0096803
1 0.038715912 0.037241156 1.0404979
1 0.048047014 0.026112066 0.98644007
1 0.12575057 0.096216734 0.92960293
0 0.088687301 0.19900525 1.2904161
0 0.14563009 0.22605224 1.0497512
0 0.042361788 0.17636277 1.1978141
1 0.019427418 0.14794459 1.0299241
1 0.030365666 0.20508748 1.1613304
1 0.0052657139 0.01827515 0.99269595
0 0.098178212 0.02483777 0.99904062
0 0.061884072 0.24118299 1.0688452
1 0.039855063 0.14059593 1.0934199
1 0.071933136 0.047985156 1.0182179
1 0.0067923631 0.014139045 0.98333371
1 0.029465203 0.055304725 1.1479351
0 0.083651442 0.0033538358 1.0910947
1 0.027082755 0.018187648 1.0775956
0 0.014438664 0.21135173 1.0451754
1 0.031361281 0.12077397 1.0577521
1 0.067953776 0.10269391 1.0211495
1 0.044626468 0.10781438 1.0820253
1 0.0095218918 0.14088683 1.0958509
1 0.12489559 0.11352662 1.0256817
0 0.079606562 0.11028987 1.085958
0 0.045112622 0.042554087 1.058728
1 0.049411549 0.010278984 0.90425226
1 0.0012294965 0.26873816 1.0136015
0 0.1045223 0.074331788 1.0271807
1 0.0041838655 0.038593935 0.96663368
1 0.10356895 0.19656727 1.0273605
1 0.017450814 0.0091248529 0.95496125
1 0.066401413 0.020241055 1.0663234
0 0.098670385 0.097974843 0.95526371
1 0.028610457 0.064116318 0.99630163
0 0.024997448 0.04487139 0.94905096
1 0.021831386 0.062237301 1.0813357
1 0.07472327 0.1383991 0.96318583
1 0.041412055 0.087860206 0.91477391
1 0.030869051 0.092318401 0.9903344
0 0.014052043 0.13911787 0.94862293
0 0.10217337 0.015904289 0.92773868
1 0.16445501 0.2364832 1.0906581
0 0.089718889 0.027747043 1.0525274
0 0.0949497 0.050416578 1.0197449
1 0.022087793 0.044053363 1.0021737
1 0.065408492 0.21375747 1.1671804
1 0.045679439 0.17319723 1.0543666
1 0.22189174 0.2836031 1.076912
1 0.061597407 0.052057304 0.97660561
0 0.030620376 0.065673979 1.0128546
0 0.060128326 0.16531339 0.9981724
1 0.052544954 0.093851328 1.0210663
0 0.024797662 0.17437577 0.99241099
0 0.0094995632 0.046210588 0.96126748
1 0.053014833 0.015804971 1.0185378
0 0.041683671 0.12546169 0.99747577
1 0.0058623523 0.016595328 0.99569488
0 0.1837948 0.095305855 0.96317324
0 0.013118921 0.0060484079 1.0547061
0 0.07829652 0.36337531 1.1802413
0 0.0793498 0.15672478 0.86457103
1 0.0095764662 0.063796315 1.0412317
0 0.028166123 0.090687043 0.97427188
0 0.069295086 0.20279006 1.139856
1 0.024658899 0.07615686 0.99040968
0 0.078773933 0.067975135 0.95343976
1 0.008236048 0.087221888 1.0281757
0 0.13985257 0.18489252 0.96109363
1 0.0038570134 0.027467103 0.9902667
1 0.018730745 0.0332862 0.95867698
1 0.011779674 0.044982648 1.0090231
1 0.063516007 0.016095438 1.0351422
0 0.083044861 0.047198275 0.98014526
1 0.064771641 0.1399548 0.99067396
0 0.14513351 0.095598959 0.96258205
0 0.0035943878 0.30190463 1.1431839
0 0.047458878 0.33835684 1.1068115
1 0.0083877264 0.041121667 0.96976863
1 0.056510067 0.022287525 0.96382637
1 0.023921159 0.0087236128 1.0731325
1 0.023459783 0.093477745 1.0140386
0 0.050176304 0.11340256 1.0823453
0 0.13516747 0.18022833 1.0232265
1 0.030207579 0.070915163 0.95495917
0 0.080849063 0.052868048 1.0011076
1 0.00036019566 0.06593586 0.987846
1 0.050245173 0.17632632 0.98917434
0 0.032260441 0.076685885 1.0247496
1 0.063391983 0.12532799 0.99087919
0 0.050326448 0.11487626 0.93947169
0 0.03680311 0.021855574 0.95512779
1 0.0018290427 0.032931446 0.99478884
0 0.0628677 0.018649354 1.0111572
0 0.014692124 0.066445704 0.99348138
0 0.053200616 0.066412413 0.93526784
0 0.086941711 0.22842075 1.0387901
1 0.06122794 0.23951965 1.1810172
1 0.098563745 0.18116136 1.1347809
1 0.0024519099 0.0095261332 1.0464918
0 0.022741098 0.10972322 1.0084048
0 0.07361743 0.10734051 1.0006315
1 0.015169984 0.011754782 0.96162267
0 0.027942484 0.13106139 1.0116535
1 0.027591113 0.024561241 1.0321463
1 0.044380187 0.094890015 1.0515833
0 0.028650092 0.079250862 1.0723603
1 0.066459322 0.15262202 1.0652163
1 0.030190515 0.050298965 0.94483603
1 0.062934586 0.03507239 1.0196236
0 0.00049084419 0.12057576 0.92739249
1 0.058729346 0.032087972 0.93291262
0 0.11313549 0.084661674 0.96800725
0 0.047906488 0.1433855 0.94849547
0 0.02783669 0.17515487 0.89746402
1 0.024142057 0.065557251 0.9636108
0 0.16121412 0.18612544 0.89620937
1 0.060470769 0.04930746 0.96403588
0 0.052011097 0.2048167 0.97800283
0 0.071318022 0.10908178 0.95662897
0 0.017571163 0.18050106 1.0252135
0 0.034600827 0.15191957 0.88550349
0 0.086362261 0.095830526 1.1026096
1 0.064453893 0.0070075424 1.0037447
0 0.12155251 0.064448108 0.98399887
1 0.086861735 0.0056900549 0.99737229
0 0.00047015965 0.10127747 0.94536349
0 0.011522111 0.19536785 0.96099435
0 0.01719122 0.053426177 0.96335954
0 0.14914786 0.069699882 1.0007154
1 0.022193804 0.048447202 1.0602761
1 0.12928869 0.013737357 0.94960722
0 0.03553122 0.038100523 0.96718774
1 0.0043012845 0.1592188 0.93998537
1 0.019555694 0.047335383 0.89421016
1 0.017116077 0.14248477 1.0431569
0 0.038688751 0.04357765 1.0315222
0 0.010928452 0.11727526 0.97220502
1 0.054744173 0.031247813 0.96411917
1 0.024133243 0.0560618 0.96924634
0 0.055286943 0.14586753 1.0394481
1 0.031025355 0.040590665 1.0022344
0 0.087549461 0.17923281 1.0289615
0 0.0062792695 0.12848177 0.94428843
0 0.009987151 0.18162593 0.97746622
0 0.059121158 0.15346688 1.0400664
1 0.020435488 0.12084464 0.93793838
0 0.11238059 0.24890452 0.97036847
1 0.059935987 0.020538345 0.94607847
0 0.14133951 0.29011149 1.1203384
1 0.046448882 0.13231752 0.99252971
0 0.013592989 0.21724033 1.1066829
1 0.16097741 0.04535407 0.92715637
0 0.057387609 0.080438005 1.0450583
0 0.029146522 0.11396484 0.98172458
0 0.052916316 0.019414297 1.0044292
0 0.082284106 0.081578513 0.97325919
1 0.0094660513 0.050572898 0.99007684
0 0.07469617 0.2877412 0.93372246
1 0.071852551 0.13507693 0.95278012
0 0.087013597 0.1757813 0.95041031
1 0.088348819 0.24521661 1.1489063
1 0.04601546 0.014448883 1.0227192
1 0.070939517 0.085395119 0.98252534
1 0.1025938 0.23853245 1.1372994
1 0.10634629 0.072823626 1.0193382
0 0.05482952 0.10031755 0.98472849
1 0.006443106 0.10377418 1.0095468
1 0.043744535 0.038991255 1.007427
0 0.045963785 0.19897651 0.99999346
0 0.020066783 0.16180957 1.0852212
0 0.033043315 0.096988316 0.94312682
0 0.071087926 0.2041445 1.0670556
1 0.014846759 0.020606879 1.0045036
0 0.082969173 0.11673975 0.96559202
1 0.059403572 0.074013672 0.94099525
1 0.015809684 0.040938765 0.96151252
0 0.058064734 0.25911382 1.1956482
0 0.030245013 0.048182205 1.1243249
0 0.00042142935 0.13661523 1.0823221
0 0.013122291 0.12252588 0.99989304
0 0.1244055 0.21976361 1.0680503
0 0.12393858 0.2426373 0.93074573
1 0.017000393 0.091121335 1.0743984
1 0.052110658 0.12161047 1.1811599
0 0.0032817217 0.14929048 0.95445768
0 0.18665328 0.26631843 1.0520643
0 0.11414146 0.2229545 1.0382422
1 0.011865557 0.074792893 1.0198073
1 0.035780931 0.040912276 1.0392165
0 0.057498248 0.074999833 1.0779769
1 0.01494461 0.025951517 0.9468463
0 0.17960837 0.2818347 0.96868636
1 0.048259366 0.047283934 0.98877453
0 0.014961414 0.091083081 0.97654826
0 0.056910356 0.13965191 1.0187438
