RAh RAm RAs DEd DEm DEs GLON GLAT F12 F25 F60 F100 CZ D LIR1 LIR2
0 9 55.1 25 55 37 111.38 -36.01 0.66 1.29 9.03 15.66 4536 59.62 10.89 11.05
0 11 6.6 -12 6 27 88.78 -72.25 0.35 2.39 17.05 16.86 5931 77.6 11.34 11.44
0 14 54.5 -39 11 19 332.89 -75.74 1.34 6.25 77 174.09 125 3.1 9.31 9.36
0 18 51.4 -10 22 33 96.77 -71.57 0.28 1.2 7.48 9.66 8112 105.76 11.27 11.41
0 30 21.6 -33 14 38 338.32 -82.38 2.35 2.59 22.65 58.87 1579 15.9 10.25 10.37
0 32 2 -64 15 14 306.41 -52.74 0.42 0.88 7.05 17.41 2616 35.31 10.42 10.51
0 34 16.2 -27 48 10 21.9 -86.13 0.66 1.66 9.66 17.72 1584 16.2 9.79 9.95
0 34 46 -8 23 53 110.27 -70.86 1.61 2.17 17.93 42.43 1637 21.92 10.4 10.52
0 36 52 -33 33 19 328.1 -82.85 0.52 2.51 6.88 5.04 6156 81.2 11.02 11.22
0 36 58.4 -29 28 45 355.64 -86.04 0.41 1.27 11.36 19.77 3569 47.28 10.79 10.9
0 42 44.8 41 16 13 121.18 -21.57 163.23 107.71 536.18 2928.4 -300 0.79 9.33 9.39
0 42 46.5 -23 33 31 93.72 -85.93 0.36 1.28 10.05 17.14 6047 79.23 11.19 11.3
0 47 6 -20 45 48 113.86 -83.56 0.14 0.89 8.73 23.5 159 3.1 8.43 8.45
0 47 33.1 -25 17 15 97.37 -87.96 41.04 154.67 967.81 1288.15 261 3.1 10.29 10.44
0 52 4.3 47 33 1 123.04 -15.32 1.65 2.65 25.03 44.46 641 11.45 9.9 10.03
0 52 42.8 -31 12 19 299.1 -85.91 0.45 0.6 5.47 16.9 1628 21.6 9.97 10.03
0 54 4 73 5 13 123.13 10.22 0.78 3.51 21.92 29.11 4706 64.28 11.29 11.44
0 52 44.7 -72 49 42 302.8 -44.3 67.03 270.18 6688.9 15021.9 158 0.06 7.84 7.86
0 54 49.9 29 14 42 123.82 -33.62 0.34 0.45 5.57 10.84 4640 60.71 10.73 10.84
0 54 52.9 -37 41 9 299.22 -79.42 0.9 1.96 15.3 48.04 142 2 8.35 8.39
0 57 40.9 43 47 37 124.12 -19.06 0.2 1.03 9.16 13.6 5334 70.3 11.01 11.11
0 59 49.6 -7 34 52 129.12 -70.35 0.24 0.76 9.07 20.11 1623 21.59 10.07 10.13
1 7 46.3 -17 30 32 145.18 -79.67 1.03 3.65 22.93 31.55 6028 78.57 11.5 11.65
1 10 8.5 -16 51 14 146.73 -78.85 0.34 0.9 7.25 10.33 10469 136.17 11.49 11.63
1 18 8.6 -44 27 40 287.48 -71.86 0.39 1.95 9.27 11.76 6866 90.96 11.22 11.39
1 19 45 3 24 36 136.63 -58.71 0.42 1.11 7.22 12.2 2374 31.12 10.22 10.37
1 20 1.4 14 21 35 133.29 -47.94 0.21 1.54 10.71 9.67 9415 122.02 11.55 11.63
1 21 47.4 17 35 33 133.13 -44.68 0.37 0.56 7.78 15.45 2518 33.16 10.35 10.44
1 24 34.4 3 47 29 138.7 -58.06 0.9 3.22 31.52 47.37 2305 30.22 10.81 10.91
1 33 54 30 40 7 133.62 -31.32 32.69 40.26 419.65 1256.43 -179 0.84 9.02 9.07
1 34 17.8 -29 25 10 229.08 -80.29 2.25 4.32 27.38 59.21 1475 14.98 10.22 10.37
1 34 49.4 -36 8 25 259.98 -77.11 0.37 0.71 7.17 15.54 4797 63.37 10.9 11
1 35 5.8 -41 26 17 273.67 -73.12 0.2 1.3 5.73 8.63 386 4.46 8.4 8.57
1 36 41.2 15 47 29 138.61 -45.7 2.45 2.87 21.54 54.45 654 9.99 9.82 9.95
1 36 24.7 -37 19 56 262.83 -76.07 0.37 1.55 7.77 12.9 5137 67.88 10.93 11.09
1 38 52.6 -10 27 15 159.01 -69.93 0.16 0.44 6.62 6.88 14519 188.37 11.73 11.76
1 39 12.9 -75 0 40 298.82 -41.73 0.32 0.84 7.36 13.76 3966 54.59 10.74 10.85
1 43 2.1 13 38 45 141.6 -47.35 3.05 7.3 65.52 114.74 856 12.33 10.38 10.49
1 44 30 17 6 4 140.66 -43.94 0.06 1.03 13.25 14.3 8257 106.96 11.52 11.56
1 50 30.9 6 8 43 148.34 -53.79 0.24 0.55 6.74 11.83 1593 21.21 9.86 9.96
1 51 14 22 34 55 140.58 -38.23 0.5 0.83 7.59 13.56 9770 126.7 11.49 11.63
1 51 17.5 22 21 30 140.68 -38.44 0.65 0.91 5.38 18.01 3117 40.81 10.55 10.64
1 51 4.5 -9 42 4 164.66 -67.6 0.62 0.67 6.17 14.9 1827 19.87 9.86 9.98
1 52 58.8 12 42 25 145.44 -47.46 0.53 0.65 6.29 12.39 4556 59.02 10.76 10.9
1 54 53.1 36 54 59 136.8 -24.24 0.23 0.99 5.89 7.81 5621 73.48 10.84 10.99
1 58 30.2 25 21 36 141.51 -35.08 0.25 0.73 6.7 12.48 4919 63.96 10.84 10.94
1 59 19.5 19 0 23 144.39 -41.02 1.1 0.92 6.73 24.15 2409 28.71 10.37 10.46
2 2 17.4 68 21 41 129.41 6.39 0.37 0.81 6.44 12.92 3577 49.33 10.61 10.73
2 9 23.8 -10 8 13 173.87 -64.98 0.36 0.5 5.31 12.6 4073 52.9 10.64 10.74
2 10 8.5 39 11 19 139.19 -21.19 0.72 1.07 11.46 25.33 5371 70.37 11.21 11.31
2 9 38.8 -10 8 46 173.99 -64.94 0.68 1.88 11.41 19.94 3859 50.13 10.84 11
2 9 42.9 -10 11 3 174.08 -64.96 0.52 2.27 11.67 13.03 3934 51.1 10.81 10.97
2 11 0.9 37 39 57 139.89 -22.57 0.41 0.84 6.65 12.77 4687 61.48 10.81 10.94
2 14 4.1 5 10 20 157.76 -52.02 0.26 0.62 5.28 8.57 9061 117.29 11.25 11.37
2 16 33.2 -11 20 50 178.77 -64.53 0.44 0.69 5.81 12.86 4036 52.45 10.65 10.77
2 17 59.3 14 32 30 152.32 -43.34 0.84 1.41 11.82 25.56 3874 50.29 10.92 11.04
2 22 33.5 42 21 18 140.38 -17.41 5.27 7 66.46 172.23 533 8.57 10.18 10.27
2 23 21.6 32 11 43 144.65 -26.77 0.34 0.8 6.55 11.63 10130 131.71 11.46 11.59
2 23 5.3 -21 13 58 202.14 -68.32 1.74 2.21 17.54 52.35 1497 15.75 10.19 10.27
2 24 7.1 47 58 7 138.56 -12.07 0.35 1.07 10.31 15.51 4679 61.97 10.95 11.07
2 25 4.2 -24 47 21 211.86 -68.85 0.33 0.74 5.53 9.68 3092 40.57 10.34 10.48
2 27 16.6 33 34 39 144.88 -25.18 0.56 0.83 7.82 21.08 553 9.16 9.32 9.4
2 30 43 -2 56 18 171.68 -56.11 0.62 0.94 5.85 15.08 5896 76.36 11.04 11.17
2 34 13.2 29 18 42 148.39 -28.43 2.03 3.46 33.52 59.61 1489 20.65 10.54 10.67
2 33 34.3 -39 2 42 248.69 -65.64 1.42 3.65 25.06 49.88 2005 26.43 10.66 10.78
2 37 25 21 6 1 153.63 -35.38 0.56 1.76 11.4 16.72 4136 53.83 10.87 11.02
2 38 31.8 -6 40 40 179.01 -57.37 0.71 3.28 19.71 27.33 1461 19.33 10.2 10.35
2 41 44.3 0 26 36 171.33 -51.75 2.24 2.84 23.37 65.26 996 11.31 10 10.09
2 42 36.4 34 45 54 147.47 -22.75 0.29 1.35 5.62 8.8 3901 51.32 10.53 10.72
2 42 48.3 28 34 26 150.68 -28.23 0.34 0.48 5.33 10.2 1545 21.33 9.79 9.9
2 42 41.4 0 0 45 172.11 -51.93 39.84 87.57 196.37 257.37 1005 13.7 10.89 11.27
2 45 40 -15 21 30 194.85 -60.99 0.31 0.78 7.68 13.57 4101 53.46 10.73 10.84
2 45 59.7 -7 34 41 182.48 -56.55 1.96 3.2 29.41 58.64 1405 18.61 10.42 10.54
2 46 17 13 5 45 161.29 -41.07 0.36 0.65 8.17 15.67 6436 83.37 11.17 11.26
2 46 38.3 21 35 6 155.59 -33.88 0.1 0.63 5.9 6.67 6987 90.66 11.02 11.11
2 46 25.1 0 29 53 173.74 -51.65 0.97 1.41 12.16 27.98 1509 20.05 10.14 10.26
2 46 18.7 -30 16 29 226.91 -64.68 2.96 7.3 53.35 104.79 1289 16.8 10.59 10.71
2 53 40.4 13 0 51 163.29 -40.09 0.55 0.92 9.09 16.43 3643 47.41 10.7 10.83
2 54 1.9 14 58 17 161.9 -38.45 0.23 1.88 8.07 11.18 9406 121.94 11.44 11.6
2 55 57.3 0 41 33 175.13 -49.14 0.27 0.87 7.72 12.06 4143 53.78 10.71 10.83
2 59 42.9 25 14 20 156.31 -29.19 0.26 0.61 6.16 12.12 375 6.96 8.88 8.98
2 59 58.1 36 49 12 149.74 -19.27 0.46 2.35 11.01 12.48 3605 47.7 10.72 10.89
3 2 0.4 70 14 34 133.61 10.13 0.31 0.82 5.62 9.09 4886 66.34 10.77 10.91
3 2 37.9 -22 52 0 212.09 -60.05 0.91 1.85 11.75 26.44 1396 18.32 10.04 10.18
3 4 40.5 -12 20 26 194.19 -55.49 0.25 1.1 7.33 10.18 4490 58.51 10.74 10.88
3 8 57.3 -2 57 16 182.6 -49.2 0.5 2.28 13.06 15.41 2462 32.26 10.46 10.6
3 9 45.8 -20 34 32 208.77 -57.81 0.88 1.32 8.37 28.47 1682 22.13 10.21 10.28
3 15 0.9 42 2 8 149.51 -13.31 0.44 1.45 8.18 11.27 6953 91.16 11.18 11.35
3 16 1.7 -2 25 34 183.67 -47.5 0.25 1.2 13.13 16.89 2194 28.86 10.36 10.46
3 19 46.7 41 30 37 150.57 -13.26 1.06 3.44 6.99 7.2 5264 69.33 10.86 11.2
3 18 16.7 -66 29 30 283.35 -44.65 0.89 2.48 30.71 63.14 457 4 9.11 9.18
3 22 7.1 -15 23 53 202.2 -53.15 0.32 0.63 6.16 14.68 2135 28.11 10.15 10.24
3 25 5.2 40 33 32 151.97 -13.49 0.25 0.91 7.47 10.87 7007 91.84 11.16 11.28
3 23 55.9 -36 27 52 238.77 -56.52 0.52 0.93 8.01 13.99 1360 16.13 9.7 9.84
3 33 41.7 -21 28 43 213.27 -52.76 0.21 0.96 8.81 11.97 1867 24.64 10.06 10.17
3 33 36.5 -36 8 23 237.96 -54.6 5.12 14.28 94.31 165.67 1636 17.93 10.86 11
3 36 38.2 -20 54 8 212.7 -51.93 0.56 1.93 7.43 5.95 1792 23.66 9.95 10.13
3 36 45.5 -35 59 58 237.66 -53.97 0.52 1.46 5.92 9.55 868 10.9 9.21 9.42
3 37 28.8 -24 29 59 218.46 -52.71 1.17 2 17.23 36.03 1493 15.9 10.06 10.18
3 38 48.8 15 32 56 171.57 -31.1 0.07 0.65 5.97 7.27 10549 137.11 11.4 11.47
3 39 23.2 -31 19 20 229.79 -53.34 1 1.38 12.87 27.49 1068 18.98 10.1 10.22
3 40 56.8 -22 33 53 215.73 -51.45 0.53 0.55 5.68 12.27 1585 20.91 9.83 9.96
3 42 27.7 -13 29 23 202.8 -47.89 0.8 1.4 10.95 22.62 2016 21.2 10.11 10.25
3 46 49.4 68 5 49 138.17 10.58 14.92 34.48 180.8 391.66 31 4.6 10.01 10.17
3 44 32.1 -44 38 41 251.52 -51.39 1.1 1.44 10.32 32.43 1164 11.47 9.7 9.78
3 48 19.4 70 8 3 136.97 12.25 2.95 4.86 42.21 89.18 1184 19.46 10.63 10.75
3 50 36.5 73 1 51 135.2 14.58 0.23 0.66 5.6 10.73 4312 59.3 10.7 10.81
3 50 15.3 70 5 42 137.12 12.32 1.69 6.39 39.32 51.07 1232 20.06 10.52 10.68
3 54 16.4 15 55 44 174.28 -28.2 0.31 0.75 5.65 8.95 6662 86.84 11 11.15
3 54 39.8 -20 30 7 214.12 -47.8 1.55 4.68 33.36 46.73 1894 25.09 10.66 10.8
4 2 30.7 60 20 33 144.54 5.75 0.14 0.7 5.65 7.76 8997 119.05 11.26 11.37
3 59 37.4 -67 38 6 281.37 -40.73 1.21 3.25 25.38 40.75 1329 16.33 10.19 10.32
4 7 47.4 69 48 43 138.46 13.11 1.08 0.84 6.77 28.33 895 15.86 9.92 9.97
4 12 22.4 5 32 49 186.74 -31.5 0.57 0.83 8.39 16.82 5161 67.57 11.01 11.13
4 12 1.2 -32 53 11 233.18 -46.6 1 1.12 9.63 30.61 1196 15.51 9.94 10.01
4 13 50.1 -32 0 24 231.98 -46.11 0.95 2.22 13.66 20.88 3570 47.6 10.85 11.02
4 14 29.6 -56 4 13 266.11 -43.83 0.46 0.73 5.4 20.05 1276 15.93 9.77 9.8
4 16 24.2 -60 12 26 271.36 -42.26 0.49 0.76 6.06 12.67 1133 13.75 9.48 9.62
4 17 37.4 -62 46 59 274.51 -41.2 1.84 3.05 30.24 61.2 1292 12.69 10.1 10.21
4 23 27.6 75 17 43 135.22 17.76 0.72 1.23 9.88 25.8 2484 36.22 10.61 10.7
4 19 59.8 -54 56 6 264.31 -43.4 1.91 3.02 22.53 58.05 1496 19.1 10.41 10.51
4 21 19.6 -18 48 45 214.77 -41.32 0.22 0.51 5.69 9.47 9652 126.43 11.35 11.45
4 22 42.3 -40 36 3 244.38 -44.84 0.23 0.8 8.03 16.81 6111 81.5 11.17 11.24
4 30 49.5 64 51 1 143.68 11.24 1.24 9.03 54.36 55.29 -97 4.6 9.38 9.49
4 30 32.8 38 55 47 162.69 -6.48 0.3 0.74 6.53 10.36 5640 74.65 10.93 11.06
4 32 49.9 29 30 0 170.09 -12.47 1.39 5.9 42.13 48.27 2047 28.32 10.85 10.97
4 34 0.1 -8 34 46 204.45 -34.38 1.38 7.5 32.12 34.32 4746 62.61 11.43 11.6
4 35 33.9 19 10 16 178.7 -18.66 0.53 0.84 6.35 12.85 7408 97.06 11.21 11.35
4 39 6.5 -24 11 2 223.13 -39.05 0.34 0.69 6.07 11.34 4550 60.51 10.75 10.87
4 41 29.6 -2 51 26 199.56 -30.01 0.65 1.47 6.61 15.71 717 10.16 9.3 9.46
4 45 42.7 -59 14 48 268.78 -38.99 2.47 5.25 41.21 77.92 1350 16.82 10.46 10.59
4 46 50.3 -48 33 31 254.99 -40.28 0.05 0.45 5.86 5.38 15866 208.86 11.77 11.79
4 48 37.7 -6 19 12 204.06 -30.12 0.63 0.71 6.27 14.92 4571 60.51 10.83 10.96
4 57 22.4 78 11 28 134.04 21.06 0.23 0.74 5.91 9.74 1556 24.79 9.93 10.05
4 52 6.8 -32 59 24 234.96 -38.29 0.22 1.21 8.15 9.85 5622 75.05 10.99 11.12
4 54 37.2 3 16 0 195.55 -24.05 0.36 1.05 6.78 10.53 4581 60.65 10.76 10.91
4 58 12.4 -7 46 50 206.8 -28.68 0.21 0.55 5.63 11.03 3773 50.29 10.57 10.66
4 59 19.9 -7 51 34 207.02 -28.46 0.31 0.77 7 13.3 4186 55.68 10.74 10.85
5 5 13.7 -37 58 46 241.69 -36.45 3.18 4.31 35.16 86.15 1211 12.54 10.22 10.33
5 7 44.2 -8 1 9 208.23 -26.67 0.33 1.35 9.56 12.76 4441 59.13 10.86 11
5 8 21.4 17 22 4 185.04 -13.48 0.26 1.16 9.66 14.59 5033 66.78 10.99 11.1
5 7 42.3 -37 30 48 241.21 -35.9 5.4 17 105.55 141.76 1000 12.61 10.55 10.71
5 16 38.9 79 40 11 133.18 22.61 0.2 0.62 5.51 10.09 16260 214.83 11.84 11.94
5 11 25.5 24 45 20 179.29 -8.67 0.19 0.85 6.92 8.36 6915 91.29 11.1 11.21
5 11 45.7 5 12 2 196.17 -19.4 0.36 0.74 6.85 12.05 4470 59.48 10.77 10.9
5 12 3.1 -15 41 17 216.61 -28.9 0.58 0.86 7.35 17.77 1937 26.24 10.18 10.28
5 16 54.9 51 31 56 158.04 7.76 0.21 1.05 6.56 7.34 8224 109.16 11.23 11.36
5 19 40.5 5 38 42 196.84 -17.48 0.58 4.5 14.45 9.5 9005 118.44 11.7 11.81
5 21 6.3 -10 14 45 212.05 -24.67 0.08 0.19 5.39 8.04 8474 111.81 11.19 11.23
5 21 1.4 -25 21 46 227.89 -30.29 0.74 3.47 13.25 11.84 12816 168.64 11.93 12.11
5 25 16.3 19 10 46 185.78 -9.14 0.97 2.06 5.37 10.69 8867 116.77 11.3 11.59
5 23 34.5 -69 45 22 280.47 -32.89 2781.9 7824.2 82917 84686 278 0.05 8.76 8.83
5 33 21.8 -21 56 44 225.27 -26.5 0.69 1.02 9.17 23.48 1663 18.65 9.99 10.09
5 42 3.9 69 22 33 143.82 19.47 0.9 0.99 7.17 23.37 3975 55.27 10.93 11.02
5 40 43.3 49 41 41 161.67 9.96 0.52 1.08 14.03 24.82 5743 77.22 11.32 11.41
5 43 5.5 0 37 10 204.39 -14.87 0.33 1.04 7.03 15.96 4290 57.68 10.83 10.93
5 45 48.6 58 42 2 153.99 15.01 0.55 0.86 14.26 29.46 4445 60.87 11.15 11.22
5 47 10.7 17 33 44 189.93 -5.58 0.5 1.7 10.02 12.73 5613 74.95 11.08 11.25
5 46 47.9 -16 46 58 221.31 -21.64 0.71 0.76 7.03 20.46 2156 29.48 10.33 10.41
5 55 42 3 23 30 203.42 -10.78 0.45 1.91 6.57 5.27 789 11.64 9.28 9.47
6 1 7.2 -23 40 25 229.53 -21.14 0.28 0.86 7.05 14.05 1843 25.11 10.06 10.16
6 14 27 80 27 0 133.36 25.21 0.71 0.92 9.87 22.98 3887 54.78 10.94 11.04
6 7 29.5 -61 48 28 270.97 -28.82 0.58 0.68 6.11 15.2 1211 14.52 9.59 9.7
6 9 45.1 -21 40 22 228.35 -18.54 0.06 0.63 6.43 8.47 11226 148.8 11.51 11.59
6 18 39.8 78 21 25 135.65 24.9 6.83 18.81 146.69 194.05 885 16.47 10.93 11.07
6 16 22.9 -21 22 20 228.69 -17 1.37 2.45 17.55 40.85 2688 36.93 10.84 10.96
6 19 2.7 3 9 53 206.4 -5.74 1.14 0.85 8.34 24.88 2902 40.17 10.68 10.79
6 20 56.9 -8 29 42 217.11 -10.61 1.41 1.62 17.61 39.38 734 10.19 9.71 9.82
6 21 5.4 -20 2 53 227.88 -15.47 0.54 0.93 5.38 11.9 1981 27.28 10.05 10.21
6 20 16 -57 34 43 266.44 -26.72 0.3 0.56 6.41 13.94 2532 33.83 10.31 10.39
6 5 36.5 -86 37 53 299.2 -27.75 0.61 0.81 7.48 19.25 1809 22.36 10.07 10.16
6 27 21.1 -47 10 38 255.47 -23.45 0.32 1.42 9.05 11.85 11630 155.32 11.69 11.84
6 31 46.3 -17 37 15 226.67 -12.16 0.17 0.86 7.42 10.5 6339 85.61 11.09 11.19
6 44 50 -27 38 23 237.31 -13.55 0.68 0.85 7.11 18.78 1906 21.54 10.02 10.13
6 50 7.8 60 50 45 154.97 23.31 0.44 1.36 6.41 9.55 1832 28.16 10.05 10.25
6 50 11.2 -11 15 14 222.84 -5.38 0.41 0.66 5.96 8.34 2602 36.36 10.24 10.39
6 57 34 46 24 10 170.23 20.28 0.41 1.2 8.05 11.33 6538 88.51 11.15 11.3
6 59 40.3 -63 17 53 273.7 -23.14 0.14 0.78 5.74 7.52 6882 94.76 11.05 11.17
7 14 12.5 84 22 58 129.24 27.54 0.69 0.72 5.64 14.48 2222 30.24 10.21 10.34
7 3 27.5 -60 16 5 270.66 -21.89 0.43 1.37 6.7 9.26 9390 127.33 11.39 11.58
7 8 20.8 18 46 46 197.84 12.06 0.59 2.4 17.6 31.82 2206 32.1 10.65 10.76
7 9 19.6 20 38 12 196.2 13.04 0.46 1.64 7.73 24.1 5276 72.21 11.18 11.25
7 9 47 -27 34 10 239.62 -8.51 0.91 2.7 15.23 22.85 2961 41.1 10.76 10.93
7 11 40.7 -26 42 19 239.03 -7.75 0.41 0.79 7.94 14.88 2611 36.22 10.42 10.53
7 27 17.8 85 45 16 127.67 27.71 1.07 1.63 14.29 28.97 2380 35.83 10.68 10.81
7 13 11.9 12 15 58 204.35 10.33 0.25 0.96 6.31 8.45 1910 28.04 10.03 10.17
7 16 37.7 -62 20 35 273.31 -21.01 0.74 2.2 20.35 38.31 3237 44.02 11 11.1
7 22 10.7 -29 14 13 242.36 -6.83 0.45 1.36 9.94 17.69 3026 42.07 10.63 10.76
7 23 43.1 33 26 32 185.05 20.83 0.42 1.73 6.95 8.91 4031 56.37 10.67 10.88
7 21 19.5 -69 0 2 280.3 -22.6 0.73 1.08 8.48 19.18 1355 16.08 9.79 9.92
7 23 38.3 -30 3 8 243.24 -6.92 0.45 0.78 6.1 14.82 2258 31.08 10.24 10.35
7 27 37.5 -2 54 55 219.69 6.69 0.07 0.66 6.49 6.35 26257 343.74 12.27 12.32
7 28 54.2 33 49 7 185.05 21.97 0.69 1.98 16.74 24.58 4134 57.8 11.1 11.23
7 36 51.3 65 36 30 150.56 29.19 2.82 3.57 41.47 99.13 161 3.22 9.1 9.19
7 35 42.5 11 42 36 207.29 15.06 0.26 0.81 9.38 13.33 4881 67.63 10.98 11.08
7 36 56 35 14 31 184.14 23.98 0.61 1.19 8.75 13.58 3784 53.41 10.76 10.92
7 36 25.9 -69 31 17 281.29 -21.5 1.62 1.83 14.85 46.61 1449 17.33 10.22 10.3
7 38 4.3 -55 11 27 267.42 -15.77 0.4 0.75 6.18 13.27 2828 38.07 10.39 10.5
7 58 14.9 -49 51 9 264.01 -10.58 0.87 1.29 12.09 31.84 1119 11.81 9.73 9.81
8 5 37.9 -11 25 40 231.85 10.79 0.68 0.89 7.31 16.83 1581 22.69 10.03 10.16
8 18 45.6 -25 29 59 245.55 5.88 1.26 4.03 24.33 37.23 1637 22.43 10.44 10.6
8 33 23.2 -22 58 28 245.36 10.06 1.05 1.32 7.48 25.86 1678 20.18 10.09 10.18
8 38 22.7 65 7 14 150.45 35.6 0.25 1.13 5.81 6.48 5730 79.33 10.89 11.05
8 38 23.8 25 45 17 198.84 33.97 0.21 1.81 23.74 25.88 5538 77.43 11.48 11.54
8 37 2.3 -49 54 32 267.52 -5.39 0.64 2.27 9.44 8.02 7764 107.5 11.38 11.56
8 44 27.6 -31 41 41 253.92 6.83 0.58 0.84 6.48 9.31 4846 68.55 10.83 11.02
8 48 5 74 5 55 139.68 33.87 0.92 2.47 15.98 25.43 2187 33.65 10.62 10.77
8 46 0.3 -19 18 8 244.07 14.59 0.29 1.09 6.43 9.62 1734 24.35 9.93 10.08
8 50 45.1 -21 57 45 246.96 13.89 0.36 0.81 8.21 15.84 2574 36.31 10.44 10.54
8 52 40.1 33 25 23 190.45 38.76 1.05 1.15 9.7 30.68 425 7.34 9.28 9.36
8 53 33.6 51 18 46 167.33 39.68 0.43 0.58 7.14 11.22 642 12.47 9.4 9.53
8 52 31.1 -69 1 59 284.24 -15.38 0.15 0.73 5.71 6.12 13888 186.88 11.65 11.76
8 56 12.2 -2 33 47 230.81 26.11 0.56 0.59 6.64 14.01 1631 24.36 10.02 10.15
9 0 25 39 3 56 183.4 41 0.33 1.76 7.3 4.77 17455 232.19 12.01 12.1
9 2 45.9 -20 43 28 247.73 16.85 0.52 1.32 8.95 11.41 2596 36.73 10.41 10.57
9 4 12.8 -36 27 2 260.24 6.95 0.2 1.19 11.64 11.08 17880 238.84 12.19 12.26
9 13 44.5 76 28 31 136.25 34.36 0.6 0.87 8.02 17.88 1477 24.68 10.13 10.25
9 10 49.5 -8 53 36 238.91 25.59 0.64 0.73 6.03 20.65 1838 26.85 10.24 10.3
9 14 5.7 40 6 47 182.15 43.68 0.64 1.51 9.17 13.76 2600 39.51 10.51 10.68
9 13 37.6 -10 19 28 240.64 25.3 0.11 0.74 6.75 10.68 16273 218.2 11.91 12
9 15 16.7 40 54 57 181.04 43.91 0.49 1.09 8.4 15.79 2734 41.27 10.56 10.69
9 13 30.2 -60 47 24 279.26 -8.38 0.54 2.04 11.61 15.39 2858 37.25 10.54 10.7
9 15 54.8 44 19 58 176.3 43.94 0.14 0.61 6.07 10.33 11957 161.16 11.6 11.69
9 17 24.5 41 59 52 179.53 44.3 0.76 3.21 20.6 29.69 1706 27.84 10.55 10.69
9 24 17.2 49 14 53 169.24 44.81 0.35 0.94 5.73 10.15 2638 40.08 10.35 10.5
9 32 10.5 21 30 5 208.71 44.54 5.29 8.64 60.54 130.43 566 8.26 10.05 10.19
9 35 48.8 61 21 22 152.48 42.89 0.25 1.02 11.68 19.91 11785 158.61 11.87 11.95
9 36 39.3 48 28 19 169.79 46.96 0.1 0.75 5.68 8.42 7777 107.06 11.18 11.28
9 38 13.6 -63 29 12 283.25 -8.26 0.31 0.79 6.63 10.11 2162 26.56 10.02 10.15
9 42 4.2 0 20 9 235.38 37.28 0.64 1.09 5.69 14.48 1892 28.65 10.16 10.31
9 42 11.2 4 40 22 230.76 39.68 0.46 0.8 5.36 8.24 2044 31.16 10.07 10.25
9 42 55.3 31 50 44 194.62 49.02 0.82 1.92 12.07 25.42 1332 22.82 10.23 10.36
9 47 14.5 67 55 10 143.91 40.9 0.92 1.71 13.09 33.43 11 2.68 8.46 8.55
9 45 42 -14 19 35 249.71 28.78 0.63 1.38 7.51 17.22 2314 33.15 10.37 10.52
9 45 47.3 -14 21 58 249.76 28.77 0.63 1.61 10.58 23.07 2420 34.69 10.55 10.67
9 46 20.3 3 3 22 233.26 39.69 0.46 0.54 5.26 12.18 6136 87.01 11.07 11.19
9 50 20.7 72 16 47 139.01 38.68 0.9 0.86 6.31 21.28 1322 22.92 10.12 10.21
9 50 8.1 -73 55 24 291.15 -15.36 1.06 1.62 13.52 30.51 1260 14.24 9.88 10
9 53 40 1 34 53 236.19 40.37 0.6 1.11 9.64 19.38 1292 19.98 10 10.12
9 55 33.6 69 3 56 142.09 40.9 5.86 5.42 44.73 174.02 -34 3.63 9.42 9.47
9 55 53.1 69 40 41 141.41 40.57 79.43 332.63 1480.42 1373.69 187 3.63 10.61 10.77
9 55 7.3 -33 8 4 265.49 16.63 0.43 0.64 6.47 18.06 3012 41.16 10.57 10.63
9 58 20.3 32 22 19 194.22 52.32 0.6 1.17 8.91 18.11 1476 25.09 10.17 10.3
10 0 26.5 3 22 29 235.52 42.79 0.29 0.62 5.36 10.41 2050 31.28 10.13 10.24
10 0 6.2 -31 33 15 265.27 18.51 0.4 1 8.33 16.22 2723 36.86 10.46 10.57
10 1 57.9 55 40 51 157.81 48.36 2.54 3.61 50.67 104.69 1142 18.19 10.65 10.73
10 1 25.5 15 46 15 220.09 49.06 0.82 2.89 10.88 13.89 2404 37.04 10.5 10.73
10 3 19.5 68 43 59 141.9 41.66 0.76 1.88 15.9 26.53 -5 2.46 8.35 8.47
10 4 2.7 -6 28 35 246.38 37.39 0.59 1.13 11.28 22.27 5091 73.48 11.21 11.31
10 6 4.2 -33 53 4 267.84 17.49 0.28 1.21 9.79 9.02 10267 141.58 11.64 11.73
10 6 32.3 -29 56 6 265.33 20.65 0.31 0.74 5.33 6.67 865 9.39 8.99 9.15
10 8 50.4 -67 1 53 288.02 -8.99 1.1 2.71 16.96 34.84 1378 15.72 10.04 10.18
10 13 44.4 3 25 38 238.14 45.52 0.29 0.32 5.78 13.25 1345 21.27 9.87 9.94
10 14 15.2 3 27 57 238.2 45.65 1.15 0.94 7.88 22.06 1305 20.61 10.05 10.18
10 14 42.9 -28 52 25 266.12 22.58 1.06 1.67 13.7 31.49 1101 13.45 9.85 9.96
10 16 55.4 73 23 54 136.29 39.47 1.95 1.03 8.17 29.61 2756 41.41 10.78 10.91
10 16 33.5 21 7 27 214.02 54.3 0.66 1.3 9.2 16.78 1302 22.34 10.05 10.2
10 18 12.1 41 25 53 178.33 55.62 0.93 1.32 8.72 28.58 593 12.58 9.72 9.8
10 19 55.6 45 32 54 171.22 54.83 0.71 1.08 7.15 18.44 663 13.79 9.62 9.75
10 20 0.1 8 13 31 233.59 49.52 0.19 0.55 5.61 5.86 14669 198.65 11.7 11.8
10 22 20.5 21 34 10 213.98 55.71 0.52 0.93 7.72 18.76 3971 58.68 10.9 11
10 23 31.4 19 51 50 217 55.45 0.94 1.83 8.42 17.3 1157 19.81 9.94 10.13
10 24 32.4 -23 33 17 264.5 28.14 0.38 1.43 10.46 16.01 3662 52.1 10.81 10.94
10 24 43.4 -39 18 29 274.31 15.27 0.34 0.89 13.83 23.08 2892 37.69 10.67 10.74
10 27 52.4 -43 54 25 277.38 11.73 3.57 15.69 102.63 114.31 2781 35.35 11.43 11.56
10 29 12.3 -44 7 13 277.7 11.67 0.53 0.91 8.59 19 3015 38.79 10.56 10.66
10 31 35.7 -39 57 25 275.82 15.44 0.59 0.91 7.1 14.66 2961 38.41 10.45 10.59
10 31 52.1 -34 51 14 273.01 19.78 0.91 2.63 6.73 7.89 3200 42.91 10.42 10.73
10 36 15.3 37 19 29 184.62 59.84 0.86 0.69 5.98 16.58 1586 23.69 10.05 10.18
10 38 46.2 53 30 8 156.6 54.06 1.54 5.32 34.56 44.19 1060 19.81 10.45 10.61
10 43 31.5 24 55 18 210.04 61.26 1.01 1.35 9.71 28.92 556 6.7 9.18 9.28
10 43 7 -46 12 43 280.94 11.11 0.36 0.67 6.07 13.37 7000 100.5 11.25 11.35
10 43 58.1 11 42 10 233.95 56.37 1.04 2.79 19.66 41.1 769 9.99 9.72 9.83
10 46 36.6 63 13 25 143.6 48.59 0.44 0.54 6.49 17.16 971 16.81 9.76 9.83
10 46 35.2 13 45 2 231.31 57.97 0.51 1.98 6.44 13.48 3039 46.13 10.57 10.76
10 46 45.6 11 49 13 234.43 57.01 0.98 0.51 10.51 31.63 916 10.51 9.61 9.67
10 49 52.2 32 59 18 192.91 63.15 0.47 1.47 10.92 17.83 1623 27.85 10.29 10.42
10 51 46 32 54 3 193.03 63.55 0.52 0.92 8.44 17.05 1494 26.17 10.18 10.3
10 52 32.7 36 37 30 184.76 63.17 0.25 0.43 8.42 16.01 616 9.48 9.28 9.34
10 52 36.8 22 55 58 215.19 62.82 0.68 1.35 10.91 20.29 1239 22.23 10.13 10.26
10 54 38.7 54 18 25 153.05 55.45 0.22 0.64 6.64 11.17 1350 24.06 9.96 10.06
10 59 8.7 61 31 53 143.73 50.82 0.33 1.26 8.31 12.21 2129 34.07 10.33 10.47
10 59 17.4 24 32 38 212.45 64.69 0.2 1.27 12.1 15.01 12927 176.26 11.93 12.02
10 59 2.4 -43 26 33 282.21 14.86 0.34 0.81 5.69 12.16 5156 75.74 10.96 11.08
10 59 22.8 -66 19 23 292 -5.86 0.67 1 10.05 17.89 1890 22.07 10.07 10.21
11 0 23.6 28 58 38 202.07 65.49 0.62 0.24 6.26 16.42 682 9.23 9.22 9.31
11 3 11.1 27 58 22 204.6 66.04 1.11 4.03 21.43 34.05 1550 27.07 10.56 10.72
11 3 0.1 -16 17 23 268.55 39.24 0.52 0.91 6.82 13.9 3889 56.26 10.76 10.9
11 3 24.2 -23 5 15 272.9 33.41 1.03 0.83 8.98 21.87 1106 13.6 9.69 9.82
11 3 54.2 40 50 58 174.19 63.99 0.2 0.71 6.38 10.3 10438 143.21 11.51 11.61
11 5 49.2 0 2 15 255.54 52.83 5.04 5.46 49.19 121.76 736 6.84 9.84 9.96
11 7 48.8 -46 31 38 284.99 12.7 0.54 0.84 6.45 17.78 1067 11.66 9.46 9.55
11 10 34.7 -49 6 5 286.45 10.52 0.33 0.72 5.38 10.12 2722 32.4 10.15 10.29
11 10 50.4 -37 27 5 281.71 21.24 0.93 1.05 8.03 15.95 2445 30.06 10.27 10.45
11 11 31.5 55 40 23 148.31 56.25 2.29 4.19 32.55 76.9 698 13.85 10.26 10.37
11 14 9.7 48 19 12 158.12 61.63 0.6 0.77 7.43 17.92 2168 35.09 10.43 10.54
11 14 37.4 12 49 2 240.43 63.21 1.52 1.96 18.47 36.44 578 5.04 9.08 9.22
11 14 40.9 -23 43 33 276.02 34.04 0.67 2.18 12.84 16.21 3485 48.31 10.8 10.97
11 16 4.1 -76 12 54 297.22 -14.41 1.29 4.74 45.75 67.17 1680 19.66 10.59 10.7
11 18 16.7 -32 48 47 281.21 26.1 3.53 4.44 29.32 77.34 727 6.64 9.61 9.74
11 20 15.3 12 59 32 241.96 64.42 4.82 8.55 66.31 136.56 740 10.04 10.24 10.38
11 20 17.4 13 35 19 240.86 64.78 3.13 4.85 54.8 105.76 825 10.04 10.14 10.25
11 21 1.2 53 10 18 149.53 59.03 1.07 1.45 9.71 27.64 1158 21.58 10.19 10.3
11 21 13.3 -2 59 8 263.57 52.85 0.48 0.76 5.85 9.18 7464 106.27 11.2 11.37
11 22 53.5 16 35 28 235.58 66.96 0.67 1.15 8.48 19.75 1473 26.42 10.23 10.35
11 25 1.6 -9 47 34 270.42 47.55 1.01 0.95 9.23 25.69 1899 27.7 10.37 10.47
11 25 47.3 14 40 23 240.61 66.5 0.14 0.62 6.2 10.39 10299 142.89 11.5 11.59
11 26 9 43 35 4 163.66 66.19 1.43 1.67 10.48 36.56 804 12.69 9.84 9.92
11 27 30.6 56 52 44 143.82 56.71 1.16 1.48 13.87 29.3 1716 29.06 10.5 10.63
11 27 56.1 -41 37 6 286.61 18.59 0.16 0.95 7.68 9.52 4902 72.26 10.93 11.04
11 28 32.6 58 33 40 141.9 55.41 3.97 24.51 113.05 111.42 3159 47.74 11.74 11.88
11 31 31.2 -30 18 24 283.13 29.47 0.85 1.32 11.92 26.04 1733 21.39 10.18 10.29
11 33 19.9 47 1 49 155.38 64.88 0.7 0.88 6.21 20.91 851 14.53 9.71 9.78
11 34 13.4 -9 50 40 273.45 48.56 0.25 0.71 5.36 7.75 1692 25.08 9.87 10.01
11 35 57.4 70 32 8 131.74 45.28 0.64 1.12 6.71 17.83 2696 36.04 10.45 10.57
11 40 57.8 11 28 18 252.93 67.22 1.46 1.62 13.63 35.07 1001 15.36 10 10.12
11 46 8 47 29 38 150.72 65.96 0.85 1.1 7.72 22.42 903 15.14 9.78 9.89
11 46 4 -56 23 12 293.93 5.34 1.51 2.67 19.84 37.38 1817 20.62 10.32 10.47
11 46 45.1 -27 55 10 285.91 32.8 0.57 1.47 11.89 16.25 1802 22.93 10.13 10.27
11 47 4 -16 51 0 281.54 43.33 0.59 0.67 5.84 16.81 1208 16.07 9.71 9.8
11 48 37.7 48 42 45 148.16 65.23 1.45 1.65 15.57 36.8 892 16.35 10.08 10.2
11 52 49.2 44 7 14 153.88 69.32 0.9 1.23 9.18 27.5 800 14.75 9.85 9.93
11 53 12 -39 7 54 290.76 22.36 0.53 2.28 34.38 46.28 3232 37.7 11.02 11.1
11 53 42 47 51 31 147.63 66.41 0.79 1.26 11.29 24.4 810 13.61 9.75 9.87
11 53 48.4 52 19 44 141.74 63.02 1.1 1.19 7.11 31.12 1016 17.58 10.05 10.09
11 53 57.5 -23 9 52 286.14 37.83 1.05 1.31 8.34 17.56 1491 19.78 9.94 10.12
11 56 7.1 -19 53 49 285.58 41.1 0.65 0.84 7.14 20.72 1723 23.37 10.13 10.21
11 56 27.3 55 7 36 138.83 60.27 0.47 0.97 7.18 16.24 1109 21.04 9.95 10.06
11 57 41 32 17 10 185.85 77.25 0.5 0.9 8.53 16.88 3118 48.22 10.71 10.83
11 58 31.5 43 56 54 151.86 70.09 0.54 0.77 7.01 24.36 834 13.76 9.73 9.76
11 59 28.8 -19 15 45 286.36 41.93 0.9 1.12 12.24 27.78 1671 22.84 10.26 10.36
12 0 23.8 -1 6 3 277.37 59.21 1.35 2.3 18.49 50.92 1427 24.5 10.56 10.64
12 1 55.1 -18 52 43 286.97 42.45 1.94 6.54 45.16 87.09 1563 21.54 10.73 10.84
12 2 12.8 62 8 7 132.7 54.05 1.13 1.56 14.15 31.74 1243 22.78 10.31 10.43
12 2 42.3 1 58 33 275.98 62.27 0.27 1.02 6.75 13.69 1981 30.89 10.23 10.34
12 3 9.8 44 31 50 148.88 70.09 1.35 2.2 10.53 24.93 728 13.11 9.72 9.9
12 5 23.3 50 21 8 140.58 65.17 0.36 0.62 5.79 14.8 752 14.55 9.58 9.66
12 5 35.1 50 32 24 140.33 65.01 2.06 3.45 26.77 61.68 696 13.37 10.13 10.25
12 6 0.1 47 28 48 143.55 67.79 0.94 0.89 7.46 23.19 523 9.63 9.4 9.5
12 6 8.1 49 35 3 141.11 65.91 0.77 1.03 9.35 21.94 1074 17.73 9.93 10.04
12 6 23.6 52 42 36 138.08 63.07 1.77 6.83 46.85 70.29 859 16.89 10.47 10.61
12 6 53 -31 57 8 292.02 29.97 0.2 0.76 7.44 12.63 6818 100.48 11.27 11.36
12 8 11.3 2 52 40 277.98 63.63 0.7 1.33 6.47 10.73 1327 15.29 9.55 9.76
12 10 34.6 39 24 9 155.07 75.07 2.01 4.87 6.46 8.88 995 18.99 9.7 10.2
12 11 4.2 50 29 4 138.47 65.41 1.72 2.12 17.71 50.67 790 13.3 10.03 10.12
12 12 31.6 29 10 1 197.29 81.19 0.26 0.54 5.27 11.55 3973 59.85 10.72 10.81
12 13 47.3 2 48 34 281 64.07 0.11 0.66 8.18 9.46 21788 292.48 12.22 12.28
12 13 48.8 14 53 51 265.44 74.96 1.04 1.43 8.14 24.31 -142 15.29 9.83 9.95
12 14 12.6 -47 13 37 296.4 15.17 0.35 0.66 5.61 11.06 5543 88.67 11.07 11.19
12 14 8.7 54 31 40 134.39 61.76 0.99 4.51 23.2 25.16 2555 40.33 10.9 11.06
12 14 21.4 -56 32 32 297.81 5.96 0.35 1.12 9.78 12.95 8125 115.68 11.47 11.59
12 14 44.2 -35 30 31 294.57 26.77 0.38 1.92 11.48 18.81 2688 30.92 10.41 10.54
12 15 35.4 13 54 31 268.83 74.36 0.82 1 6.6 16.94 -81 15.29 9.68 9.82
12 15 40 36 19 22 160.26 78.08 0.58 2.46 17.57 29.08 291 3.67 8.74 8.86
12 15 50.3 47 5 30 139.9 68.85 1.26 1.5 11.6 41.19 1028 17.13 10.15 10.2
12 16 27.1 -43 19 26 296.21 19.09 0.93 1.91 14.08 36.78 1985 22.58 10.35 10.44
12 18 51 14 24 50 270.46 75.19 3.67 4.38 37.46 91.86 2403 15.29 10.42 10.54
12 19 56.3 5 20 34 282.53 66.96 0.77 1.65 9.38 21.76 2400 15.29 9.8 9.93
12 21 35.7 14 36 7 272.41 75.67 0.92 1.11 7.02 25.77 1141 15.29 9.85 9.91
12 21 55.4 4 28 24 284.38 66.28 3.28 4.9 37.27 78.74 1570 15.29 10.37 10.51
12 22 14.6 -33 29 16 295.97 28.99 0.51 0.91 6.77 11.35 2631 30.52 10.17 10.33
12 22 53.9 15 49 22 271.12 76.9 2.52 3.1 26 68.37 1571 15.2 10.28 10.39
12 22 46.3 65 50 44 127.59 51.02 0.27 0.98 7.25 13.01 2843 43.5 10.53 10.64
12 24 35.7 39 23 2 145.75 76.53 0.28 0.69 5.75 11.28 1045 20.21 9.78 9.89
12 25 2.8 -6 40 44 291.28 55.59 0.11 0.2 5.99 8.13 7902 112.7 11.23 11.27
12 25 26 16 28 4 272.14 77.76 0.29 1.08 8.36 12.43 1710 15.29 9.64 9.76
12 25 45.9 12 39 50 279.11 74.34 1.01 3.57 10.27 17.15 2524 15.29 9.75 10
12 26 7.7 13 6 47 278.79 74.79 0.74 0.66 5.54 17.53 237 15.29 9.68 9.78
12 26 26.9 31 13 24 174.54 83.18 2.78 3.61 29.55 70.69 720 17.68 10.43 10.56
12 26 54.7 0 52 42 290.05 61.38 0.99 9.67 43.89 31.94 2104 31.9 11 11.08
12 26 55.1 15 2 59 276.42 76.64 0.67 1.88 7.58 16.18 -261 15.29 9.68 9.86
12 27 37.5 -8 16 35 292.84 54.13 0.63 1.52 13.35 23.83 2913 41.68 10.76 10.87
12 30 34.9 41 38 47 138.01 74.87 1.82 4.92 46.92 88.61 641 10.48 10.11 10.21
12 31 57.6 14 25 20 282.3 76.51 2.29 2.98 19.68 62.97 2284 15.29 10.24 10.33
12 32 44.5 0 6 57 292.73 62.62 0.8 1.04 7.87 21.41 1121 16.38 9.84 9.94
12 34 2.7 7 41 57 290.16 70.14 0.35 0.49 5.86 16.03 448 15.29 9.65 9.71
12 34 9.9 2 39 4 292.61 65.18 2.65 3.55 31.4 65.68 1771 15.29 10.29 10.42
12 34 18.6 6 28 11 291.02 68.94 0.28 0.73 9.21 15.14 2007 15.29 9.7 9.79
12 34 19.9 8 11 52 290.07 70.64 1.04 1.34 11.45 32.52 1957 15.77 9.98 10.07
12 34 28.5 2 11 8 292.96 64.73 1.55 4.04 30.26 44.51 1802 14.92 10.17 10.32
12 35 57 27 57 37 198.42 86.47 0.87 1.03 10.23 25.41 816 9.69 9.46 9.56
12 36 21 25 59 16 230.76 86.44 1.36 1.36 7.79 34.62 1282 9.99 9.61 9.66
12 36 33.7 11 14 32 289.8 73.73 1.99 2.64 20.81 56.8 2262 15.29 10.2 10.3
12 36 50.8 13 9 43 288.48 75.62 1.27 2.06 9.8 26.56 -235 15.29 9.87 10.02
12 37 52.1 -40 32 20 300.15 22.26 0.46 0.85 7.74 16.31 2973 58.21 10.85 10.96
12 37 42.6 11 49 12 290.38 74.36 1.12 0.78 5.93 21.39 1519 15.29 9.76 9.87
12 40 0.9 61 36 28 125.33 55.47 0.97 1.25 14.39 30.55 117 3.9 8.77 8.87
12 40 51.5 -36 45 13 300.57 26.07 0.72 2.54 8.9 13.79 3275 34.82 10.39 10.62
12 42 7.1 32 32 33 142.83 84.22 5.16 8.97 85.4 160.08 630 7.73 10.1 10.22
12 43 32.1 11 34 59 295.74 74.34 0.99 0.76 5.77 16.59 1415 15.29 9.66 9.81
12 43 42.1 16 23 38 293.06 79.12 0.47 0.66 5.6 15.56 805 15.29 9.64 9.72
12 43 56.6 13 7 39 295.43 75.89 1.01 1.73 13.39 37.77 1037 15.29 10.02 10.1
12 43 55 32 10 28 140.42 84.7 0.06 0.49 6.5 10.7 614 7.38 8.91 8.98
12 45 7.7 0 27 41 299.53 62.37 3.34 3.89 37.11 85.95 1495 12.82 10.24 10.36
12 48 13.5 -3 19 59 301.35 59.53 0.8 3.1 14.32 22.65 1124 20.65 10.14 10.32
12 49 2 -8 39 52 301.92 54.2 0.76 0.54 6.11 19.95 1394 21.71 10.04 10.12
12 49 38.5 15 9 59 300.84 78.03 0.42 0.54 5.89 13.21 1125 15.29 9.58 9.69
12 50 52.9 41 7 15 123.36 76.01 5.07 6.11 71.54 120.69 323 4.83 9.59 9.73
12 54 24.9 -10 32 19 304.13 52.33 0.61 0.67 8.04 18.27 1260 18.63 9.9 10
12 54 40.8 28 56 23 101.57 88.05 1.08 1.57 12.42 28.11 2523 40.5 10.76 10.89
12 55 48.8 4 18 18 305.74 67.15 0.62 0.74 6.92 16.05 778 19.72 9.89 10.01
12 56 41.1 -7 33 46 305.22 55.29 0.42 1.2 8.47 16.65 1296 20.28 9.95 10.07
12 56 15 56 52 17 121.61 60.24 1.83 8.84 30.8 29.74 12660 171.84 12.31 12.51
12 56 50 -8 31 38 305.22 54.32 0.96 4.4 20.12 26.6 1051 9.37 9.57 9.75
12 56 42.6 21 41 5 315.65 84.43 2.36 2.86 36.7 81.65 349 3.09 8.98 9.08
12 57 44.3 -29 45 55 304.56 33.09 0.22 0.91 5.96 8.99 3055 35.25 10.22 10.36
12 58 8.2 -46 15 56 304.14 16.59 1.28 1.89 17.69 40.22 2192 23.96 10.46 10.57
12 58 1.2 1 34 32 306.74 64.4 0.38 0.57 9.22 22.05 1224 15.09 9.79 9.84
13 0 39.8 2 30 0 308.45 65.27 0.49 0.76 5.97 13.96 969 15.36 9.61 9.73
13 1 25.9 29 18 46 78.3 86.9 0.27 1.48 6.21 7.33 7071 101.09 11.14 11.32
13 1 49.9 4 20 1 309.6 67.07 0.3 0.47 5.25 8.06 11237 156.31 11.49 11.62
13 2 20.5 -15 46 5 306.78 47.02 0.34 1.63 7.49 9.68 4861 72.5 10.93 11.11
13 2 51.3 -23 55 10 306.28 38.88 0.25 0.8 13.04 15.71 6446 96.1 11.42 11.49
13 5 27.6 -49 28 9 305.27 13.34 27.74 42.34 625.46 1329.7 560 3.92 10.41 10.48
13 6 26.5 -40 24 54 306.02 22.37 0.68 1.24 5.73 10.73 4477 58.21 10.69 10.91
13 8 18.4 -57 27 30 305.21 5.34 0.13 0.45 8.17 14.58 6364 96.54 11.28 11.34
13 8 58.3 -15 31 7 309.15 47.14 0.86 1.65 11.23 17.08 1252 17.36 9.88 10.05
13 10 55.7 37 3 33 101.62 79.25 1.65 2.26 22.18 63.4 950 18.09 10.39 10.46
13 12 25.4 -15 47 45 310.31 46.77 0.37 1.44 10.29 21.69 6400 94.33 11.41 11.5
13 12 35.1 -17 32 27 310.07 45.04 0.81 1.07 7.76 17.14 2760 36.41 10.46 10.61
13 12 39.1 12 36 7 322.85 74.65 0.36 0.72 5.58 11.7 3360 51.45 10.6 10.72
13 13 27.2 36 35 40 98.07 79.45 1.77 2.14 16.2 50.23 869 13.76 10.05 10.13
13 15 6.2 -55 9 24 306.34 7.56 0.44 2.98 41.11 52.33 9222 129.36 12.18 12.26
13 15 2.5 -15 57 8 311.19 46.54 0.25 1.47 9.15 13.28 2222 29.82 10.25 10.39
13 15 2.2 24 37 15 8.96 84.13 0.14 1.34 18.61 18.66 3887 59.11 11.14 11.17
13 15 49.5 42 1 39 105.99 74.29 5.35 6.36 40 139.82 500 7.96 10.01 10.09
13 15 34.9 62 7 26 118.04 54.77 0.35 1.95 11.39 12.41 9313 127.99 11.61 11.74
13 16 59 -16 38 4 311.73 45.8 1.12 1.5 13.01 31.53 1737 23.87 10.34 10.46
13 18 52.9 -21 2 25 311.48 41.38 1.04 0.97 12.5 31.39 672 5.61 9.07 9.17
13 19 18.5 -14 50 30 312.93 47.49 0.31 1.46 9.37 15.02 2744 37.09 10.47 10.6
13 19 50 -27 24 37 310.63 35.04 1.08 0.95 10.54 33.7 2168 26.32 10.44 10.5
13 20 34.9 34 8 24 82.94 80.6 0.25 1.42 17.04 24.38 7000 99.99 11.59 11.67
13 21 24.2 0 20 27 319.2 62.26 0.39 0.74 6.78 13.37 5578 82.44 11.09 11.2
13 22 23.5 -16 43 34 313.53 45.51 0.94 2.97 6.2 6.2 5152 77.33 10.9 11.24
13 25 27.6 -43 1 12 309.52 19.42 22.15 28.25 213.29 411.89 562 4.03 9.94 10.11
13 25 43 -29 49 54 311.74 32.45 0.63 2.38 16.86 30.97 4114 52.15 11.06 11.17
13 25 14 43 16 1 102.13 72.47 0.41 0.64 6.29 12.27 1225 23.33 9.94 10.06
13 27 24.4 -57 29 24 307.77 5.04 1.22 7.56 81.44 100.04 3006 32.44 11.26 11.34
13 29 53.5 47 11 42 104.85 68.56 7.21 9.56 97.42 221.21 468 8.63 10.31 10.42
13 30 0 47 16 0 104.88 68.49 0.35 1.02 15.22 31.33 450 8.3 9.44 9.5
13 31 27.7 -34 47 36 312.18 27.36 0.86 2.83 22.58 38.26 2425 27.25 10.6 10.72
13 32 52.8 -24 12 23 314.9 37.7 0.38 0.68 6.1 12.36 4930 74.67 10.96 11.08
13 32 10.6 62 46 2 115.07 53.74 0.37 0.94 7.01 13.54 2880 44.35 10.55 10.67
13 36 58.8 -29 51 46 314.58 31.98 21.46 43.57 265.84 524.09 522 3.6 9.94 10.1
13 37 31.8 8 53 12 335.93 68.75 1.75 3.02 20.91 53.48 1152 13.82 10.09 10.2
13 38 3.4 -17 53 4 318.32 43.59 1.51 1.48 13.65 41.83 1362 18.77 10.24 10.32
13 38 18.2 48 16 28 102.72 66.97 0.32 1.07 7.25 10.11 8285 115.83 11.34 11.49
13 39 55.2 -31 38 21 314.86 30.11 2.5 12.07 29.84 30.08 404 3.15 8.79 9.05
13 39 54.9 0 50 7 328.81 61.25 0.57 1.34 10.73 19.97 6798 98.63 11.43 11.55
13 44 41.8 55 53 14 108.11 59.68 0.24 2.36 22.51 22.53 11324 154.71 12.08 12.14
13 49 15 35 15 17 69.85 75.23 0.35 0.42 5.79 15.89 5032 74.18 11.03 11.08
13 50 26.9 -48 16 40 312.97 13.44 0.3 1.12 5.64 5.52 3190 58.21 10.61 10.77
13 50 57.3 -49 3 25 312.86 12.66 0.74 1.82 12.92 22 3028 58.21 11.02 11.17
13 52 16.6 2 6 8 335.72 61.04 0.29 0.59 5.86 11.49 9909 139.1 11.49 11.59
13 55 39.1 40 27 34 82.17 71.2 0.86 0.97 5.27 18.66 2553 41.06 10.57 10.67
13 57 3.8 41 50 55 84.79 70.08 0.35 0.84 5.45 13.05 2230 36.74 10.34 10.45
13 58 35.3 37 26 51 73.25 72.5 0.59 1.4 9.38 22.02 3472 53.4 10.89 11
14 0 45 59 19 37 107.31 55.65 0.5 1.94 10.1 20.34 2960 45.63 10.74 10.88
14 2 37.4 32 30 27 56.45 73.67 0.27 0.85 6.31 11.67 4352 65.3 10.83 10.95
14 3 25.6 -6 1 48 333.28 52.55 1.29 1.48 10.24 25.29 2618 38.02 10.65 10.8
14 3 9 54 21 24 102.06 59.77 6.2 11.78 88.04 252.84 241 6.7 10.13 10.2
14 10 25 -43 19 28 317.84 17.25 0.8 0.73 6.3 17.16 1774 20.31 9.93 10.05
14 12 8.9 -49 23 24 316.17 11.4 0.58 0.71 6.82 13.83 2894 58.21 10.79 10.93
14 13 14 -3 12 24 339.15 53.81 1.29 4.17 8.42 8.87 1853 28.07 10.14 10.49
14 19 43.5 49 14 9 91.29 62.12 0.15 0.84 6.01 8.47 7666 107.71 11.2 11.32
14 21 12.6 -46 17 50 318.69 13.81 0.6 1.19 8.86 18.19 1650 18.9 9.92 10.05
14 23 49.4 14 38 21 7.45 65.14 0.35 0.72 5.44 11.68 2311 36.93 10.31 10.43
14 24 12.6 -16 43 25 332.78 40.71 0.53 0.68 9.06 18.6 2699 36.71 10.51 10.61
14 24 26.5 -16 45 43 332.81 40.65 0.71 1.55 8.37 16.33 2697 36.68 10.46 10.63
14 30 9.5 31 12 57 49.6 68.11 0.64 1.37 10.57 23.03 3572 54.88 10.95 11.06
14 31 38.8 -43 25 8 321.57 15.8 1.4 2.33 19.13 38.07 1957 22.47 10.4 10.53
14 32 41.1 -44 10 30 321.44 15.03 1.97 4.68 23.48 48.6 1199 13.86 10.08 10.24
14 32 24.9 8 4 50 359.08 59.44 0.47 0.82 6.25 12.41 2222 34.98 10.3 10.44
14 32 6.2 57 55 13 100.04 54.5 0.94 1.2 9.67 25.66 1912 32.02 10.5 10.61
14 32 46.9 49 27 31 88.68 60.39 1.13 1.7 12.04 29.91 2117 29.63 10.51 10.63
14 37 37.3 -15 0 20 337.59 40.61 0.1 0.55 6.82 7.31 24723 330.85 12.26 12.3
14 37 41 2 17 27 353.15 54.45 0.75 0.99 6.94 16.84 1753 23.84 10.07 10.21
14 40 10.9 0 17 22 351.02 52.13 1.47 2.84 22.1 37.28 1904 26.74 10.57 10.72
14 40 57.8 -37 4 25 326.05 20.83 0.1 0.67 6.72 8.08 20444 276.04 12.08 12.15
14 40 55.9 0 19 5 351.22 51.98 0.52 1.09 8.61 17.96 1743 27.14 10.23 10.35
14 42 24.3 -17 15 16 337.33 38.1 0.21 1.05 8.88 15.79 2788 38.34 10.5 10.6
14 45 8.5 -20 52 12 335.67 34.67 0.5 0.74 7.99 24.79 4091 59.28 11.02 11.06
14 46 9.9 -37 41 4 326.74 19.83 0.31 0.79 5.99 10.36 4476 64 10.78 10.91
14 47 24.1 -17 26 49 338.47 37.3 0.3 1.04 5.83 10.61 2195 30.02 10.11 10.26
14 47 46.3 -19 4 43 337.47 35.87 0.77 0.94 6.57 12.56 2673 36.29 10.34 10.53
14 53 58 3 32 32 359.43 52.42 1.83 2.47 23.59 55.64 1642 26.34 10.68 10.78
14 57 43.1 -43 8 1 326.12 13.98 0.36 1.53 8.07 13.65 4715 69.94 10.98 11.13
14 57 0.3 24 37 1 34.97 61.72 0.36 0.41 6.95 15.16 9982 139.36 11.59 11.67
14 58 56.9 -42 0 51 326.88 14.85 0.37 0.98 5.9 15 2998 35.04 10.35 10.45
14 58 22.9 -1 5 26 355.35 48.43 0.97 1 9.08 20.32 1924 25.36 10.21 10.36
14 59 23.5 -16 41 28 341.96 36.3 0.17 0.49 6.48 9.44 3491 50.17 10.56 10.65
14 56 7.7 83 31 18 118.96 32.61 0.29 0.89 5.24 8.49 3881 55.64 10.58 10.74
15 6 30.3 55 45 49 92.03 52.49 0.35 0.34 5.26 16.98 769 11.63 9.43 9.45
15 9 15.4 -11 19 16 348.52 39.06 0.72 1.54 11.41 20.53 1818 23.84 10.2 10.34
15 11 51 -72 51 28 312.94 -12.77 0.83 0.99 7.29 22.42 3030 38.65 10.6 10.69
15 13 30.6 -20 40 29 342.34 31.11 0.54 0.64 5.7 14.37 2272 30.94 10.22 10.34
15 13 12.7 7 13 30 8.89 50.96 0.05 0.95 21.89 31.53 3893 59.06 11.23 11.27
15 15 5.2 42 12 35 69.68 57.17 0.4 0.7 7.51 16.95 2511 40.35 10.54 10.63
15 15 58.9 56 18 36 91.55 51.09 1.29 1.44 9.14 37.43 612 12.08 9.8 9.85
15 18 6.7 42 44 41 70.35 56.49 0.29 1.42 9.02 10 12336 168.72 11.76 11.89
15 21 33.7 -13 5 34 349.91 35.74 0.46 1.36 10.71 16.41 2291 32.94 10.42 10.55
15 24 57.1 -63 7 29 319.3 -5.24 0.29 1.46 10.3 13.65 8779 123.07 11.54 11.67
15 26 7.4 41 40 34 67.86 55.3 0.35 1.6 9.36 13.68 2672 42.47 10.58 10.72
15 26 59.9 35 58 34 57.81 55.94 0.16 1.31 7.1 5.93 16535 223.49 11.92 12.02
15 30 0.9 12 59 21 20.06 50.38 0.48 1.47 8.73 17.66 4013 60.81 10.93 11.07
15 30 46 -2 49 45 1.33 41.31 0.68 1.47 10.41 21.47 2807 42.45 10.7 10.83
15 34 33 15 11 42 23.92 50.34 0.82 1.58 11.79 19.89 2008 32.77 10.48 10.63
15 34 57.1 23 30 10 36.63 53.03 0.61 8 104.09 115.29 5450 79.9 12.15 12.21
15 36 31.4 16 36 27 26.25 50.47 0.73 1.04 8.93 21.82 1958 32.17 10.44 10.55
15 46 16 2 24 55 10.02 41.45 0.6 1.6 9.59 17.14 3863 58.42 10.91 11.06
15 49 49.4 -29 23 11 343.3 19.17 1.48 5.35 35.64 54.94 2173 28.9 10.83 10.97
16 5 12.3 20 32 33 35.31 45.47 0.28 0.83 6.79 10.57 4747 70.42 10.89 11.02
16 11 40.8 52 27 27 81.39 45.21 0.26 1.24 6.48 9.41 8865 122.55 11.35 11.51
16 17 10 -58 18 43 327.3 -5.54 0.29 1 6.16 8.12 2764 34.99 10.21 10.37
16 20 44.4 -70 8 35 319.03 -14.13 0.7 0.67 7.05 18.64 3419 45.75 10.68 10.78
16 19 10.3 -7 53 57 5.73 28.74 0.17 0.59 10.29 13.22 8140 115.46 11.48 11.55
16 30 56.2 4 4 58 19.27 32.9 0.25 0.81 7 11.23 7342 104.72 11.26 11.38
16 32 21.7 19 49 29 37.17 39.21 0.63 1.41 8.94 20.83 2382 30.7 10.39 10.51
16 34 51.9 -60 37 8 327.19 -8.76 1.23 2.71 17.17 32 3300 43.96 10.92 11.07
16 38 11.4 -68 26 7 321.4 -14.15 0.25 0.71 7.08 12.68 13926 188.61 11.82 11.92
16 32 39.1 78 11 50 111.32 33.36 0.74 2.03 11.35 20.62 1353 23.49 10.19 10.34
16 42 39.2 -9 43 11 7.89 22.98 0.27 1.13 8.42 14.72 8098 114.61 11.44 11.56
16 47 29.8 -29 21 17 352.31 10.13 0.11 0.61 9.56 12.17 6335 91.55 11.24 11.29
16 51 6.7 -58 59 38 329.78 -9.27 1.94 3.53 29.97 47.55 1560 19.04 10.39 10.54
16 52 46.1 -59 13 0 329.74 -9.57 3.11 7.48 49.07 86.06 1482 18.02 10.58 10.73
16 52 58.6 2 24 3 20.73 27.29 0.59 3.55 22.94 26.49 7298 103.86 11.73 11.85
16 54 24.2 -9 53 22 9.5 20.5 0.27 0.49 5.32 11.65 6755 96.87 11.15 11.24
16 58 30.8 58 56 19 88.01 37.43 0.47 0.62 9.24 23.11 5637 79.78 11.26 11.32
17 17 0.3 -62 49 13 328.49 -14.05 1.71 3.25 16.72 42.45 1110 13.11 9.94 10.09
17 14 20.5 53 10 34 80.61 35.75 0.24 0.65 6.07 7.9 15212 204.26 11.77 11.89
17 16 36.3 -10 20 40 12.24 15.67 0.63 2.12 15.18 19.02 5197 75.84 11.27 11.42
17 23 21.4 0 17 0 22.22 19.36 0.2 1.61 32.13 36.08 12852 175.68 12.35 12.39
17 26 43.7 -59 55 56 331.65 -13.51 0.33 1.35 9.53 11.05 6215 88.8 11.21 11.34
17 47 6.9 -64 38 17 328.55 -17.84 0.27 1.27 8.82 11.38 307 1.69 7.72 7.85
17 49 6.6 13 19 56 38.18 19.74 0.15 0.5 7.1 9.81 4881 70.98 10.9 10.95
17 49 27.9 70 8 35 100.57 30.64 1.08 1.06 10.08 29.29 -18 3.75 8.69 8.78
17 54 51.7 34 46 35 60.52 26.02 0.51 0.69 5.84 12.78 4843 69.92 10.91 11.04
17 56 55.2 24 1 3 49.5 22.16 0.18 0.56 6.24 10.55 5944 84.56 11.04 11.13
18 0 32 -4 0 55 23.45 9.42 0.22 1.14 27.69 33.1 3968 58.62 11.31 11.35
18 11 37.3 1 31 40 29.73 9.55 0.3 0.81 7.73 15.64 8662 120.21 11.49 11.58
18 13 38.6 -57 43 36 336.54 -17.91 1.01 3.55 20.2 27.54 5188 74.12 11.39 11.55
18 11 51 14 58 53 42.15 15.41 0.91 1.73 14.57 26.03 2286 35.94 10.66 10.8
18 14 17.4 -60 5 30 334.27 -18.88 0.41 1.02 5.69 9.51 3159 43.6 10.41 10.58
18 12 55.2 68 21 47 98.47 28.6 0.31 0.97 6.78 12.01 6234 86.42 11.1 11.23
18 16 39.6 22 6 44 49.43 17.23 0.3 0.55 6.25 11.94 5599 79.74 11.01 11.11
18 19 47.4 74 34 9 105.54 28.17 1.26 1.42 12.02 31.63 1485 21.85 10.26 10.37
18 32 40.2 -34 11 26 0.15 -11.3 1.14 3.98 35.71 53.38 5449 77.76 11.69 11.81
18 33 35.6 59 53 20 89.31 25.42 0.36 1.05 8.98 14.2 8684 118.38 11.48 11.6
18 38 26.5 -57 29 24 338 -20.94 0.38 1.33 14.04 25.31 4813 68.57 11.22 11.3
18 43 12.1 60 39 13 90.4 24.4 0.55 1.32 10.05 20.05 3933 56.64 10.93 11.05
19 1 41.5 40 44 46 71.17 15.51 0.33 0.76 6.97 11.91 4545 64.81 10.85 10.97
19 9 45.9 -63 51 27 332.22 -26.15 2.97 3.46 18.92 70.21 841 9.9 9.9 9.99
19 8 16 50 56 0 81.5 18.23 0.54 1.33 6.62 12.44 2416 31.31 10.21 10.39
19 11 22.5 -57 2 59 339.7 -25.13 0.94 0.98 9.79 27.14 3142 43.93 10.8 10.89
19 14 30.7 -21 19 8 16.07 -14.42 0.18 0.51 6.38 9.37 14608 196.19 11.77 11.87
19 11 1.4 73 25 10 104.72 24.54 0.43 1.42 7.58 10.77 7533 102.69 11.26 11.43
19 32 22.1 -4 0 2 34.02 -10.93 0.1 0.69 7.32 8.62 25700 338.24 12.31 12.37
19 43 53.9 -70 37 58 324.79 -29.81 0.75 0.87 7.36 17.91 3452 47.85 10.7 10.83
19 43 33.6 -58 39 22 338.58 -29.59 1.27 3.55 18.2 32.6 2031 27.37 10.52 10.69
19 42 38.4 -10 19 28 29.35 -16 0.92 1.04 6.53 19.67 1559 24.04 10.13 10.25
19 42 58.6 45 17 54 78.69 10.63 0.37 0.87 8.84 15.43 818 15.9 9.73 9.83
19 44 56.8 -14 48 24 25.34 -18.4 0.25 2.46 47.63 95.42 -56 0.54 7.55 7.58
19 43 40.8 56 6 37 88.63 15.45 0.51 0.64 5.82 15.16 3386 49 10.65 10.75
19 54 33.5 -12 34 2 28.51 -19.6 0.65 1.37 11.16 16.82 1611 24.55 10.18 10.32
19 56 35.4 11 19 3 50.61 -8.93 0.08 0.77 6.18 6.22 19402 256.71 11.98 12.04
19 57 37.5 -37 56 10 2.47 -28.7 0.36 1.2 5.96 9.27 5722 79.84 10.95 11.12
20 23 56.8 -43 59 46 356.44 -34.63 0.26 0.65 5.24 6.74 2921 41.26 10.28 10.42
20 25 5.9 -24 48 32 18.85 -30.82 1.19 1.94 14.14 29.59 3160 45.08 10.89 11.03
20 28 34.4 25 43 54 67 -7.57 0.52 1.09 9.93 17.36 4259 59.65 10.94 11.06
20 30 47.7 -47 28 23 352.3 -36.07 0.3 1.34 9.17 13.76 1800 24.95 10.1 10.23
20 33 4.8 -2 1 39 43.23 -23.44 0.63 1.03 7.09 14.38 5970 81.94 11.11 11.26
20 34 52.6 60 9 12 95.72 11.67 12.11 20.7 129.78 290.69 53 5.32 10.01 10.16
20 37 18.6 25 31 42 68 -9.29 0.26 0.71 5.93 8.95 10067 134.85 11.41 11.54
20 37 13.9 66 6 20 100.9 14.85 1.34 2.16 16.24 41.77 1464 23.99 10.46 10.57
20 52 3.5 -57 4 3 339.99 -38.74 1.11 3.94 5.87 4.25 3380 47.19 10.47 10.85
20 57 23.3 17 7 34 63.93 -18.06 0.26 2.3 12.65 11.76 10810 144.1 11.77 11.87
20 58 27.4 -42 38 57 358.64 -40.8 0.28 1.87 12.19 10.31 12940 172.76 11.92 12
21 4 11.2 -43 35 34 357.4 -41.85 0.42 0.81 8.55 12.6 5208 71.98 11 11.13
21 11 29.3 58 23 4 97.31 6.93 0.15 0.82 7.94 11.08 11705 155.72 11.65 11.75
21 22 33.5 -36 40 44 7.05 -45.21 0.33 0.77 6.59 12 2708 37.98 10.37 10.49
21 35 43.9 -63 54 8 329.35 -41.81 0.71 0.87 5.84 16.4 3109 32.84 10.33 10.45
21 36 28.4 -54 33 30 341.3 -45.38 0.43 0.76 8.15 19.74 857 7.65 9.15 9.22
21 36 10.8 -38 32 38 4.42 -47.94 0.28 0.87 6.27 8.69 5714 77.99 10.93 11.07
21 48 19.6 -34 57 5 9.94 -50.35 0.58 2.16 16.71 25.89 4824 65.99 11.23 11.35
22 2 2.2 -31 52 9 15.13 -53.07 0.42 0.88 5.76 12.42 2603 36.16 10.31 10.45
22 4 35.1 42 19 33 92.9 -10.61 0.13 0.76 9.59 14.62 4323 58.97 10.88 10.94
22 8 34.4 -57 26 35 334.82 -48.36 1 1.51 9.8 27.72 1690 16.66 9.96 10.07
22 7 52.4 31 21 38 86.51 -19.71 0.62 0.69 6.05 20.76 1051 17.02 9.85 9.9
22 14 40.2 -27 27 49 23.13 -55.32 0.44 0.58 5.58 12.48 5247 70.88 10.9 11.02
22 16 10 -36 50 35 6.5 -55.93 1.18 2.4 19.39 37.29 3398 46.7 11.03 11.16
22 19 28 29 23 43 87.36 -22.79 0.4 0.53 6.65 13.44 4583 61.8 10.83 10.93
22 31 27.4 -19 1 55 39.55 -56.92 0.27 0.91 5.42 9.64 7507 99.73 11.13 11.27
22 37 4.6 34 24 56 93.72 -20.72 3.94 5.92 45 110.16 836 14.71 10.46 10.58
22 38 40.8 -25 51 5 27.75 -60.35 0.46 0.63 6.03 11.78 3393 46.16 10.52 10.65
22 41 12.3 34 14 59 94.41 -21.31 0.37 0.82 8 15.58 6413 85.21 11.18 11.29
22 49 39.6 -48 51 1 341.95 -58.02 0.1 1.17 7.24 7.92 12839 170.03 11.67 11.78
22 51 49 -17 52 27 45.18 -60.95 0.09 0.54 5.54 4.64 23170 301.83 12.09 12.11
22 56 35.4 -37 1 54 3.46 -63.86 0.66 0.69 6.67 16.07 1446 19.79 9.89 10.01
23 0 2.7 15 58 47 87.56 -39.12 0.45 0.77 8.88 17.89 2200 30.4 10.33 10.43
23 1 58.4 15 58 11 88.06 -39.38 0.26 0.67 5.47 8.14 1968 27.44 9.96 10.1
23 3 15.5 8 52 25 83.1 -45.47 1.59 5.96 27.33 35.16 4922 65.23 11.4 11.59
23 4 57.7 12 19 29 86.28 -42.84 1.37 3.86 14.93 26.73 2364 32.36 10.58 10.79
23 4 55.2 19 33 1 91.16 -36.66 0.19 0.54 7.19 11.73 7524 98.96 11.23 11.31
23 9 46.1 -43 25 43 347.84 -63.8 0.58 1.93 10.14 16.57 1649 22.34 10.07 10.23
23 10 32 67 39 40 113.55 6.65 0.44 1.94 7.64 8.26 1478 23.26 9.94 10.13
23 14 43.3 4 32 0 82.84 -50.65 1.52 2.09 20.08 41.87 2663 30.09 10.69 10.81
23 15 46.6 -59 3 14 323.73 -54.04 0.35 1.64 10.94 10.68 13403 177.75 11.89 12
23 16 9.5 -42 35 9 348.15 -65.23 3.76 11.92 77.37 102.92 1585 21.44 10.88 11.03
23 16 1.7 25 33 33 97.3 -32.52 0.34 1.95 9.06 11.99 8241 108.19 11.37 11.54
23 18 22.2 -42 22 19 348.08 -65.69 2.3 7.39 52.2 82.86 1575 21.29 10.73 10.87
23 18 15.7 6 35 6 85.76 -49.44 0.28 1.27 7.87 14.87 4961 65.49 10.94 11.05
23 18 22.2 -4 24 56 74.49 -58.24 0.26 0.97 8.05 10.58 7242 95.13 11.21 11.33
23 18 55.5 -42 14 17 348.23 -65.85 0.69 0.89 7.69 20.79 1596 21.58 10.06 10.16
23 19 20.6 -42 15 25 348.09 -65.91 0.74 0.77 6.39 18.31 1654 22.38 10.04 10.14
23 20 30 17 13 34 93.91 -40.47 0.61 1.04 8.64 18.51 1611 22.73 10.08 10.2
23 21 5 -69 12 49 314.22 -45.88 0.2 0.45 5.7 9.9 12460 166.27 11.61 11.7
23 27 56.9 8 46 46 90.63 -48.79 0.68 1.92 5.36 8.33 8688 113.64 11.22 11.5
23 28 27 22 25 9 98.88 -36.55 0.63 1.16 6.98 14.84 3482 46.49 10.61 10.77
23 28 47 3 30 46 86.68 -53.44 0.5 1.12 7.4 10.71 5143 67.7 10.88 11.05
23 36 14.2 2 9 17 88.22 -55.56 0.47 2.88 11.16 12.26 2858 38.16 10.53 10.72
23 39 1.7 36 21 14 107 -24.27 0.09 0.94 7.44 9.01 19330 251.84 12.04 12.13
23 42 2.2 -3 36 48 84.74 -61.23 0.41 1.06 5.39 8.26 6966 91.19 11.02 11.21
23 46 5.8 53 14 0 113.13 -8.39 0.17 0.74 5.66 9.01 10233 134.78 11.4 11.51
23 47 1.3 29 28 11 106.51 -31.34 0.59 0.83 5.79 11.58 5118 67.46 10.84 11.01
23 51 24.7 20 6 39 104.26 -40.57 0.99 2.17 19.67 40.12 4336 57.11 11.23 11.34
23 51 26.1 20 35 8 104.46 -40.12 0.52 2.54 18 22.7 5371 70.46 11.28 11.41
23 57 48.5 -32 35 28 4.52 -77.17 1.32 1.67 18.14 54.07 230 3.1 8.79 8.84
0 1 40.7 23 29 37 108.42 -37.97 0.46 0.83 6.41 14.11 4534 59.62 10.81 10.93
