y
7.25325222659913
6.85652267046824
7.23643792894966
7.03343611519664
6.9186591609056
6.65649879051228
6.42308043084932
7.46636287619574
10.3497865413661
6.93593298389149
6.83974994639286
10.1477534866707
7.18844547660898
8.79161716373787
6.77135115622428
9.89206349173715
10.6292620609587
6.17109362928208
9.44878709751433
7.12422462946795
6.75066335182976
7.42808832040163
9.4949511197615
6.74956775652862
9.46445384762244
7.27348041082583
6.98896265672564
7.26262394415349
6.94244760575449
7.28846831817204
9.70904705672207
10.9878054216487
7.45111574465272
6.97036693452533
6.53291089305878
6.52220443343591
6.10163473472885
10.2820394025033
8.13866685075031
9.51099560173583
7.74154300863383
6.14372115300404
6.68548657458669
10.8689484723994
6.73064827757487
10.5866677031468
9.56384573435206
6.99562383496413
6.18576529608999
10.5254577115642
9.44970647261562
9.84118730329914
7.21312721539275
7.83136245649827
10.2825737379552
6.36363038852991
6.74285813989089
6.98035358880607
6.92964132433787
6.84202550407557
7.38016635912841
9.78362588855716
7.58508950152404
9.50912675753626
6.55132388271122
6.88852617303433
7.90209596243866
7.01301915336949
9.93871470060288
7.51086841627442
6.67441840075985
6.10225392630878
7.40059858311095
7.30520952023732
7.21041994910681
10.519655486735
10.1288125396083
7.04575576918983
9.8008750675778
10.3528228749625
7.25796001419125
7.67456458165231
6.52507043820612
6.57628671699353
6.52670898857082
7.44576437202348
10.5860658476161
6.97650854570433
6.89904378626167
7.48642531607213
6.39227547871176
7.32020055238666
9.64975498620833
6.92112490660115
10.4213997762887
6.3455538999162
6.99875637216512
6.98618105048244
5.96048736574766
10.2852677946904
