STREAM.ID IBI.BUG YEAR LAT.DD LON.DD PHSTVL ANC log.COND log.CL log.SO4 log.PTL log.NTL xcdenbk w1.hall pct.fast xslope lsub.dmm lrbs.bw5 RH.XMET log.WSAREA ELEV.X SLOPMEAN log.POPDENKM FOR.NLCD AG.NLCD log.URB.NLCD log.MINENLCD
DE750S 19.6182119 1994 38.52530 75.63110 6.17   115.00 4.629863 5.433722  4.882802 2.7725887 8.493310  65.7754011 2.62887727   0.0000000  0.1000000 -2.009871463 -2.769706067  9.170000  2.99466671   10  0.1 2.9288443  36.871527 52.237770 0.1107575256 0.0000000000
MAIA97-002 29.6192292 1997 38.55002 82.14481 7.57  1484.99 5.255410 4.722574  5.739688 3.7612001 5.978886  79.6791444 1.18940455  28.0000000  2.2950000  1.052703288 -1.253475988 16.083333  3.76149542  178  4.6 2.7078502  75.942520 23.919347 0.0329636787 0.0000000000
MAIA97-005 44.3160079 1997 38.55886 80.66692 6.94   119.12 3.751854 3.065098  5.363192 3.1780538 6.133398 100.0000000 0.53030909  91.0000000  4.1000000  1.921985637 -0.127180135 16.916667  0.72677536  459  9.2 1.3607201  98.995813  1.000786 0.0000000000 0.0000000000
MAIA97-007 29.9863983 1997 38.39874 81.65725 7.86  2870.42 6.115892 6.162757  7.251473 3.3322045 5.697093  86.0962567 4.57581818  11.0000000  0.6080000  0.066803291 -1.252546492  8.083333  3.91256086  184  8.2 4.2136080  90.578792  5.360308 1.6101040905 0.0000000000
MAIA97-008 39.3564455 1997 39.25398 81.61603 7.69  1717.28 5.826000 6.842235  6.423384 6.1548581 7.606387  33.6898396 3.36366667  44.9541284  1.2800000  1.585375606  0.088824955  9.250000  1.16754738  240  2.9 5.9962904  33.038737 41.767983 3.2371949602 0.0000000000
MAIA97-009 81.3405119 1997 42.27372 77.08766 7.93  1334.01 5.294309 5.814559  5.703836 0.6931472 4.962845  72.7272727 1.10611364  30.0000000  0.7400000  2.008863707  0.250881175 17.583333  4.51884512  363  5.6 2.4535020  91.154791  8.375240 0.3506068704 0.0318648791
MAIA97-015 28.0047197 1997 39.33786 81.09663 7.63  1421.36 5.424950 5.754913  5.885117 4.2904594 5.913503 100.0000000 0.00000000  16.5137615  1.1920000  1.906017285  1.506161173 14.083333  0.52277396  256  1.1 3.0217411  94.858754  5.111322 0.0294850131 0.0000000000
MAIA97-016 56.9258664 1997 39.60649 80.79575 7.77  1453.58 5.361292 5.358695  6.102757 2.6390573 5.273000  93.8502674 0.82578182  28.1818182  0.5400000  2.202361816  0.599348507 17.250000  4.58552855  244  6.8 2.3070750  87.092379 12.559713 0.0255244616 0.0000000000
MAIA97-017 42.2690273 1997 39.04311 79.58046 4.73   -16.80 3.306887 2.283982  4.882320 1.6094379 5.552960 100.0000000 0.00000000  94.0000000  4.5750000  3.128648671  0.345832390 17.916667  3.21121455  620  9.7 0.7925399  98.987932  0.049998 0.0108242063 0.0000000000
MAIA97-018 60.4853721 1997 39.08653 79.15981 7.11  1929.05 5.723585 4.759506  6.976272 1.9459101 6.677083  82.0855615 0.39394545  70.9090909  0.6000000  2.153865479  0.971330920 12.666667  3.90031473  366 10.4 1.7744437  82.994494 16.192666 0.0127039619 0.0124254830
MAIA97-019 53.7002810 1997 38.87437 79.01342 6.90   510.99 4.374498 3.758903  5.232583 2.1972246 5.942799 100.0000000 0.00000000   1.8181818  2.5000000  2.166036716  0.070489954 12.000000  2.38858846  462 13.2 0.9034081  99.194421  0.354678 0.0632705301 0.0000000000
MAIA97-021 85.9697586 1997 38.97861 78.66503 7.46   786.01 4.572647 3.162798  4.929478 1.9459101 5.683580  76.7379679 1.18939545  73.0000000  0.5500000  1.310046731  0.006282755 14.000000  3.37970132  518  9.3 0.8002063  91.459200  7.508384 0.0242261624 0.0000000000
MAIA97-022 80.9282053 1997 38.53128 79.83602 8.22   545.41 4.382027 4.764088  4.504249 1.6094379 5.648974  75.4010695 0.87881364  65.0000000  1.4500000  2.183687448  0.124856392 14.250000  5.85548674  827  8.5 1.2731257  94.957653  2.682264 0.1361886091 0.0000000000
MAIA97-023 54.2227926 1997 38.87043 80.61419 7.44  1409.30 5.235378 5.569979  5.450756 2.7725887 5.560682  96.7914439 1.95459091  14.0000000  1.2000000  1.373699711 -0.551858938 11.750000  4.25228804  244  9.2 1.9805876  94.086056  5.383914 0.3920184388 0.0000000000
MAIA97-024 47.0634356 1997 39.07344 80.96407 7.73  1001.08 5.031744 5.231893  5.754311 2.1972246 5.407172  79.6791444 1.25761818  50.0000000  1.7000000  2.808091329  0.948189323 13.500000  3.43582101  245  4.1 1.6142264  78.478705 21.402481 0.0229183566 0.0000000000
MAIA97-026 51.7685488 1997 39.15928 80.13240 8.08  3675.26 7.513164 4.078611  9.852099 3.2580965 6.154858  72.1362229 0.60000000          NA         NA -2.110922507           NA  7.333333  2.41854424  365  5.6 1.7895905  75.762403 13.428969 0.2409803260 2.3622917407
MAIA97-027 76.4728796 1997 38.96838 80.15379 7.73   558.02 6.113682 5.058006  8.215831 1.0986123 6.196444  95.1871658 0.77274545  56.0000000  0.3900000  1.978853062  0.739501747 14.000000  3.63532307  488  5.1 3.0530101  81.466912 16.744041 0.0554072704 0.5642524506
MAIA97-028 73.9624189 1997 40.03020 80.13970 8.16  3098.72 6.135565 6.518088  6.995755 2.1972246 5.159055  90.1069519 1.96218636  18.0000000  0.1800000  1.065010716           NA 10.250000  4.21784898  308  4.2 3.7973975  50.217916 47.498352 1.1774271659 0.0013251216
MAIA97-031 20.7940942 1997 40.07396 79.91297 8.44  3813.44 6.783325 5.862780  8.637671 3.0445224 5.683580  51.8716578 2.21216364  57.0000000  1.0000000  1.649032832  0.040433895 12.583333  1.96062985  248  5.7 3.6086180  62.339716 37.567975 0.0786937983 0.0000000000
MAIA97-033 60.1153036 1997 39.02200 76.85493 7.07   437.00 5.036303 6.148757  5.819875 3.9318256 7.657283 100.0000000 0.33335000  32.0000000  1.3250000 -0.441815559 -2.032588109 16.583333  2.82485498   30  0.8 5.2409054  59.994580 11.834473 3.0790605931 1.3634138370
MAIA97-034 35.3935580 1997 39.24888 76.84530 7.54  1428.67 5.680173 6.869125  5.384333 3.5553481 7.655864 100.0000000 0.00000000 100.0000000  0.8000000 -0.521551761 -2.249366177 14.583333  3.37035666  106  1.2 5.7698542  34.932234 46.109861 2.8769061128 0.0000000000
MAIA97-039 64.5696206 1997 40.13826 78.55219 7.88  1399.70 5.594711 5.376982  6.874893 4.0073332 7.097549  99.7326203 2.39400000  16.0000000  0.4190000  1.275664978 -0.115992016 13.166667  5.80730520  364  5.6 3.0157310  69.321383 29.740907 0.4266922106 0.0274799439
MAIA97-041 74.7230980 1997 39.67831 78.33032 7.58   866.13 5.134621 6.220137  5.397428 1.7917595 5.638355  94.3850267 0.33335000  26.0000000  1.2000000  2.578628696  0.778627968 16.250000  5.51964968  185  5.1 1.9543034  75.602177 22.343431 0.4871470868 0.0000000000
MAIA97-042 68.8361702 1997 39.87674 78.85949 7.29   308.31 4.291828 4.866460  5.233916 2.3978953 6.118097  70.5882353 2.38338500  38.0000000  0.6000000  1.311815330 -0.310531170 11.416667  3.32090159  596  6.4 1.7526721  88.450000 10.690000 0.0487901642 0.3784364357
MAIA97-043 31.2932111 1997 40.03567 76.99840 7.80  1708.27 5.579730 5.974727  6.294126 4.3944492 7.123673  94.1176471 0.00000000   0.0000000  0.2835000  0.537449761 -0.069434325 12.916667  1.99227561  151  1.6 3.7959385  22.251177 77.440698 0.0491320105 0.0000000000
MAIA97-044 15.5026938 1997 39.82773 76.98685 7.80  1998.10 5.648974 6.005025  5.511864 4.4886364 7.952615  87.7005348 1.84857727  20.6666667  0.1600000 -0.785832506 -1.079836052 10.333333  1.20875137  182  2.3 4.4655632  21.556718 76.293580 0.9288763991 0.0000000000
MAIA97-045 64.6896000 1997 39.63826 77.38130 8.04  1059.10 5.181222 6.104910  4.943974 2.3978953 7.002156 100.0000000 0.66670000  56.0747664  1.2750000  2.102056193  0.246252829 16.666667  3.67813696  125  6.2 3.2932038  80.353294 18.226243 0.2597022629 0.0000000000
MAIA97-046 18.8437657 1997 39.96023 77.73093 7.54  2608.27 5.894403 6.446361  6.020282 4.8903491 7.780303  76.4705882 2.65915909  30.0000000  0.4500000  0.191896355 -0.677597149  9.666667  3.93855003  167  1.8 3.4488440  34.883309 51.203882 2.5978851994 0.0000000000
MAIA97-047 75.9547983 1997 40.32867 77.49899 7.82   263.09 4.050044 3.730901  5.156498 1.9459101 6.016157  43.8502674 2.78795000  43.0000000  0.5375000  0.822598968 -0.169574131 15.500000  3.72804488  213  7.9 1.5009614  92.529496  5.388787 0.0107648505 0.0000000000
MAIA97-049 64.6384822 1997 38.74394 77.91816 7.21   408.56 4.234107 4.829964  4.095439 2.7080502 7.137278  72.7272727 0.68181818  59.0000000  0.5000000 -0.604322133 -2.013163393  6.416667  3.67691314  124  3.0 2.6644466  58.063900 40.009677 1.0549296091 0.0000000000
MAIA97-052 61.2707566 1997 39.23177 78.26489 7.86  2935.23 5.726848 5.034049  5.371837 2.3978953 5.897154  90.1069519 1.69698182  15.4545455  0.5100000  1.307993468 -0.221789461  9.416667  4.35231457  215  4.2 3.6665060  81.602526 16.347452 0.6274640046 0.0587857557
MAIA97-054 37.3472378 1997 41.65281 79.94046 7.27   905.11 5.025852 5.152893  5.472768 3.9702919 7.687539  98.1283422 0.00000000  32.6666667  1.0050000  1.178254452  0.706163381 15.333333  1.69096260  454  0.8 2.6196561  84.004816 15.961937 0.0165188101 0.0000000000
MAIA97-055 49.1020860 1997 41.87141 80.03431 7.49   786.50 4.743191 3.955801  5.543479 1.0986123 6.111467  92.3529412 1.10003500  75.5905512  2.1777778  0.517653538 -0.945025551 15.166667 -0.07806966  408  2.7 3.1707774  80.972706 19.027294 0.0000000000 0.0000000000
MAIA97-057 16.9770329 1997 40.50227 78.51500 3.05  -891.00 6.492240 3.631458  8.422206 2.3025851 2.708050  98.6631016 1.12880909  74.0000000  6.3500000  2.615704834  0.448274008 13.583333  1.49875213  610  3.3 2.2726412  97.608487  0.100533 0.1560374701 1.1385087350
MAIA97-059 23.8142184 1997 40.58018 79.36986 4.82   -23.70 7.253470 5.400558  9.738288 1.0986123 5.680173  93.0481283 1.37123182  47.0000000  0.8650000  1.120696526 -0.080464055 13.166667  2.19566781  335  3.3 2.4385136  70.101317 27.137844 0.5077111789 1.1016792474
MAIA97-060 54.5203782 1997 40.94930 79.32031 8.01   772.51 5.852202 6.251940  7.541562 1.0986123 6.584791  82.3529412 2.31824545  49.0000000  0.5600000  1.448130189  0.013873804 16.000000  6.91882844  305  4.0 3.3374408  70.219433 26.707400 0.7411765792 1.0192768308
MAIA97-063 46.5006840 1997 40.64656 78.19799 8.08  1808.73 5.955837 6.555446  6.981275 6.5708830 7.777374  90.6417112 2.38640000  40.0000000  1.1000000  1.634396943 -0.183000357 15.666667  6.13603015  274  5.9 4.6796095  80.624643 13.531568 1.8027948548 0.3713352545
MAIA97-064 19.0476190 1997 40.98032 78.08605 3.22  -603.00 6.923629 5.807041  9.115415 1.0986123 6.084499  95.4545455 0.66670000  63.0000000  1.4000000  2.278266238  0.414524971 18.000000  6.22108309  382  3.2 3.6881042  79.129812  8.761498 1.0274606602 2.2886815856
MAIA97-065 12.0356576 1997 40.46314 77.06206 6.88   167.93 3.449988 3.221877  4.588570 2.7725887 5.683580  98.9304813 0.00000000  61.3333333  1.6800000  0.677514413 -0.922208891 14.000000 -0.47626318  215  5.6 3.0133266  90.395907  9.604092 0.0000000000 0.0000000000
MAIA97-066 68.1147833 1997 40.78361 78.67608 7.84  1158.20 6.711740 6.095422  8.887306 1.3862944 6.111467  85.5614973 0.67426818  25.0000000  0.4925000  0.651351735 -0.654517758 14.083333  5.47484551  426  3.7 3.7532148  69.618971 26.048908 0.8597817542 1.3531312436
MAIA97-067 57.8347245 1997 41.27589 78.09131 6.47    20.44 3.401197 2.803391  5.207593 2.7080502 5.583496  98.3957219 0.00000000  88.8888889  9.7600000  2.602806437  0.199955856 16.833333  0.98521960  463  3.8 0.3169981 100.000000  0.000000 0.0000000000 0.0000000000
MAIA97-069 30.7271712 1997 41.13866 78.96155 7.42   475.93 5.717028 6.978882  7.030751 2.4849066 6.891626  93.8502674 1.33340000  48.0000000  0.7000000  1.109987976  0.027267014 12.583333  2.06905024  484  2.8 2.7502153  50.921571 40.900551 2.0218562573 0.9027608139
MAIA97-070 67.5984983 1997 41.56781 79.27860 7.71   353.56 4.222445 4.428097  5.148428 2.5649494 5.736572  97.0588235 0.00000000  42.0000000  1.0600000  0.982852853 -0.056277353 15.166667  2.36921518  428  3.9 0.5038010  97.955162  0.453254 0.0249462390 0.0000000000
MAIA97-071 61.1983352 1997 41.78699 78.92063 7.34   171.23 3.763523 2.939057  5.112978 2.3025851 6.236370 100.0000000 0.00000000  73.0000000  3.9360000  1.392120757 -0.217485248 16.666667  1.05452107  462  7.8 0.0000000  99.317988  0.619308 0.0000000000 0.0000000000
MAIA97-072 74.1733534 1997 40.64326 80.33524 8.58  1437.56 7.350516 7.601877  9.585970 3.4011974 7.434848  90.9090909 0.96215909  51.0000000  1.4900000  1.359334803 -0.258603127 16.666667  6.15777676  267  3.3 4.0535399  67.799164 25.737964 1.5564701643 1.1457493412
MAIA97-073 18.9526241 1997 40.34670 80.16540 6.61  1363.59 7.083388 7.441186  9.129299 3.4339872 6.436150  95.9893048 2.19703636  40.0000000  0.6000000  1.485812447  0.218703305 12.000000  4.04693844  274  3.0 4.4985311  50.574913 43.842338 1.8242973248 0.3033792250
MAIA97-074 63.8870087 1997 40.15994 80.65725 8.31  4574.96 8.185907 8.775032 10.260086 1.9459101 5.493061  88.2352941 2.71220909  44.5454545  1.5000000  1.637895426 -0.371488794 11.333333  3.88548189  257  4.7 4.3775165  59.879958 35.750457 1.3181616553 0.8607928210
MAIA97-075 95.3521870 1997 42.21907 74.96661 7.69   620.59 5.075174 6.328242  5.396013 4.2341065 6.851185  65.7754011 2.15160455  11.0000000  0.6500000  1.556802093  0.057471505 16.916667  6.36894522  397  7.2 2.8888150  75.394201 23.170949 0.7475794931 0.0029267130
MAIA97-077 81.5319115 1997 42.18800 75.23602 7.21   308.14 4.125520 4.080519  5.142241 2.4849066 6.545350 100.0000000 1.10176645  57.0000000  1.9750000  1.238090337 -0.905488771 14.166667  1.12651924  484  4.4 2.2451678  78.069800 21.842678 0.0287565388 0.0000000000
MAIA97-080 21.9906658 1997 41.73046 77.08271 4.04  -104.15 5.590987 4.877262  7.644106 2.0794415 5.662960  22.1925134 0.28788636  41.0000000  1.2350000  2.014442555 -0.058657913 14.750000  5.49466551  373  3.8 2.4916340  93.108306  3.453015 0.5900812525 0.9311868320
MAIA97-081 91.1507482 1997 41.51439 77.75489 7.61   351.46 4.155753 4.439812  5.017053 1.6094379 5.846439  72.4598930 0.24243636  52.0000000  0.7700000  1.935669971  0.585335654 15.750000  5.31491732  368  7.7 0.7659329  94.074207  5.709977 0.0218877069 0.0000000000
MAIA97-082 91.2973738 1997 41.47097 77.25213 7.69   362.38 4.359270 4.804409  5.278961 1.6094379 5.796058  69.2513369 0.21213182  73.0000000  1.2050000  2.228992274  0.131514141 18.750000  5.53593723  334  5.9 1.9139771  78.353566 21.235603 0.2269148311 0.0000000000
MAIA97-083 27.7696180 1997 41.04214 76.86914 7.89  2534.60 5.771441 6.039015  5.725597 3.1780538 7.106606  91.4438503 2.36372273  16.6666667  0.4450000  0.670812894 -0.239255595  9.666667  2.24418238  152  1.6 4.2773603  22.928503 76.482195 0.4266093187 0.0000000000
MAIA97-084 42.1806413 1997 40.68165 76.55244 7.53   476.17 4.794136 5.353504  5.290569 3.8286414 8.117014  88.5026738 1.90156364  23.0000000  0.5000000  0.194441699 -0.904692548  8.583333  3.47596775  221  5.1 2.6516209  51.946810 46.683983 0.3425196285 0.0000000000
MAIA97-085 58.9915166 1997 40.71237 75.91028 7.28   450.29 4.753590 5.360287  5.183481 4.1896547 8.107117  90.9090909 2.03038182  43.3333333  0.6225000  0.727977223 -0.261122108 13.083333  1.48010341  244  3.4 3.0680994  35.838089 63.594346 0.0540733265 0.0000000000
MAIA97-086 49.3873805 1997 41.06353 76.33791 7.90   687.21 4.774069 5.518595  4.620034 3.2188758 7.355002  93.5828877 1.80310455  44.0000000  1.2400000  0.952443575 -0.397002307 11.166667  2.41283762  212  6.4 3.7835531  59.596060 40.244553 0.0531643928 0.0000000000
MAIA97-087 21.6666667 1997 40.81745 74.98347 7.63  1026.03 5.407172 6.355854  6.153421 3.2958369 6.483107  60.9625668 1.34093182   0.0000000  0.5000000 -2.110922507 -3.682397590  8.500000  2.66657522  136  4.5 4.9771337  71.705892 15.914601 1.9116916013 0.0000000000
MAIA97-089 62.3830595 1997 40.54297 75.55333 8.04  2866.42 5.937536 5.906559  5.994515 2.4849066 8.649624  83.6898396 3.25009545  12.0000000  0.1300000  0.147215257 -0.451210396 10.750000  4.86132599  122  1.4 4.9632012  23.854391 68.768931 2.0419137248 0.0000000000
MAIA97-090 75.8918095 1997 41.22226 74.82151 8.08  2079.01 5.771441 6.852929  5.470579 3.4657359 6.061457  95.4545455 2.30307273  35.0000000  1.2500000  1.174653588 -0.757734405 14.583333  3.39371278  183  3.3 3.4303030  74.766859 14.628177 1.1835191472 0.0000000000
MAIA97-091 78.8189106 1997 41.88142 76.30861 7.36   657.47 4.911919 5.827021  5.574440 2.8903718 5.655992  59.8930481 0.80305000  20.0000000  0.5000000  1.674452644  0.746508838 12.500000  3.77247814  276  4.7 2.4269244  60.640781 38.724392 0.1096567735 0.0000000000
MAIA97-093 57.3938653 1997 41.68439 76.13362 7.59   714.70 4.776599 4.948372  5.323498 2.8332133 5.683580  52.6737968 0.00000000  16.0000000  0.2000000  1.360795284  0.934835216 16.166667  4.03596128  243  4.6 2.4676757  62.696208 35.484667 0.1584898235 0.0000000000
MAIA97-095 85.0154079 1997 41.75450 75.40168 7.63  1098.93 4.989752 4.789508  4.821488 4.1431347 6.654153  91.4438503 0.00000000  38.3838384  0.9400000  1.732164260  0.308841452 17.333333  2.53269631  503  2.7 2.1729319  76.198643 23.272255 0.0757102592 0.0000000000
MAIA97-096 37.7430718 1997 40.44152 75.15577 7.96   725.19 5.238036 6.400727  5.911172 3.2188758 5.739793  95.7219251 1.04550000  12.0000000  0.1300000  0.744725916  0.267307299 17.833333  5.38822754   94  0.9 4.8685647  60.715759 28.848546 1.6277718146 0.0128530446
MAIA97-097 35.2110357 1997 40.08056 74.73776 6.53   158.34 5.165928 6.252592  6.620876 3.7841896 6.818924  99.4652406 0.39395909  14.0000000  0.3380000 -1.338640500 -2.310823171 12.000000  3.03539039   27  0.4 4.2403046  24.227055 63.140984 1.8469155186 0.0000000000
MAIA97-101 80.2158873 1997 40.26848 75.89581 7.80   874.65 5.091293 5.866303  5.663910 3.6109179 6.796824  96.2566845 3.07585000  21.0000000  0.5000000  0.570260572 -0.630503003 13.500000  3.69163815   91  2.9 4.5152564  66.757763 29.268345 1.2635480287 0.0000000000
MAIA97-103 15.0000000 1997 39.79733 75.15401 7.39   702.49 4.925803 5.958025  5.190347 3.6375862 6.714171 100.0000000 2.67433182  30.0000000  0.6500000 -0.531314701 -1.464142262 11.750000  0.64841129   30  0.0 7.0458811  31.082994  7.810788 4.1081753741 0.0000000000
MAIA97-105 78.3731916 1997 40.24999 76.03519 8.18  1359.04 5.455321 5.966086  5.730676 3.4657359 7.742402  92.7807487 0.97731818  26.0000000  0.7950000  1.080809067 -0.233325677 16.333333  2.41865110  180  2.6 4.7563106  48.104023 49.768431 0.4528835382 0.0000000000
MAIA97-107  0.0000000 1997 42.00248 80.17445 8.69  2464.40 6.018593 6.952505  6.473604 2.3978953 5.517453  53.7433155 0.66668636  12.0000000  0.7300000  3.239680637  1.463698604 15.916667  4.45860103  290  2.0 3.9632293  52.385030 43.207864 1.4971686977 0.0000000000
MAIA97-108  0.0000000 1997 35.18294 77.21856 5.71   106.45 3.985273 5.479130  4.294375 3.1354942 6.086775  48.3957219 1.50000000   0.0000000  0.1000000 -2.110922507 -2.350438507  5.333333  1.05858859   15  0.0 1.9319561  92.596340  0.342879 0.0000000000 0.0000000000
MAIA97-109 37.5900438 1997 36.89469 78.13622 7.19   393.70 4.144721 4.731563  3.890755 3.7612001 6.315358  93.0481283 0.77272727  59.0000000  1.3100000  0.757196410 -0.885119178 17.166667  2.19364038   91  1.6 1.9487632  47.067634 51.316790 0.0000000000 0.0000000000
MAIA97-111 65.7506779 1997 36.91085 78.37438 7.20   896.88 4.604170 4.451392  3.229011 2.8332133 4.418841  97.5935829 0.25758182  41.0000000  1.8150000  0.918124954 -0.786102213 16.416667  1.28865397  134  0.8 1.6878793  67.643248 27.184775 0.0000000000 0.0000000000
MAIA97-115  6.6584520 1997 36.59073 77.20374 6.93   963.11 6.719013 7.221408  8.562852 4.2195077 8.565983  97.8609626 0.96215909   2.0202020  0.2000000 -0.566358493 -1.835334604 14.333333  3.91369960   13  0.2 2.5130081  35.001168 47.660313 0.6401972516 0.0000000000
MAIA97-122 15.8610633 1997 36.02301 77.22692 6.93  1291.69 5.011302 5.305668  3.539111 4.1588831 7.150701  96.7914439 0.52273636   0.0000000  0.1000000 -2.110922507 -2.625170303 11.750000  3.40003671   13  0.0 0.3126186   7.094757  1.683974 0.0000000000 0.0000000000
MAIA97-126 74.3196925 1997 37.40324 77.87122 7.80   814.77 4.640537 4.900412  4.226194 2.3978953 5.560682  99.4652406 0.40153182   0.0000000  1.0000000 -1.120622273 -2.951664697 11.916667  7.56154819   61  0.9 2.7849495  72.150000 19.720000 0.6729444732 0.0198026273
MAIA97-130 56.9270744 1997 37.99416 78.72319 7.44   292.00 3.841601 4.152685  3.958982 3.0445224 5.799093  73.5294118 1.56825000  65.0000000  3.7550000  1.702046598 -0.541204997 17.416667  2.01708730  195  6.8 2.6507741  87.572006 11.794936 0.2420391007 0.0000000000
MAIA97-131 39.0128097 1997 37.81049 79.20654 7.08   113.57 2.975530 2.984287  3.219069 2.7080502 5.823046 100.0000000 0.15384615  73.0000000  3.9000000  2.801367005  0.791987211        NA  1.97969026  580 10.9 0.2437302  99.987569  0.012430 0.0000000000 0.0000000000
MAIA97-132 57.7344416 1997 38.41947 79.26957 7.03    57.38 2.821379 2.685608  4.180137 0.6931472 5.686975  97.3262032 0.12121818  88.1818182  2.3000000  2.200013699  0.120942577 16.500000  1.91257494  918 10.0 0.0000000  99.973414  0.026586 0.0000000000 0.0000000000
MAIA97-133 35.3518811 1997 38.31368 80.20195 7.79   462.10 4.182050 3.718656  4.687837 2.3978953 6.327937 100.0000000 0.00000000  52.0000000  1.0500000  2.055465678  0.632398122 15.250000  3.07362344  930  6.8 1.3877932  73.232990 26.172069 0.0041543587 0.0000000000
MAIA97-134 44.7381622 1997 37.52487 78.53958 7.37   480.41 4.056989 3.874272  3.515868 2.7080502 4.736198  97.5935829 0.07575909  37.0000000  2.0260000  0.724869355 -1.161040605 16.083333  1.80576099  152  1.0 2.1667654  85.684941  9.997628 0.0000000000 0.0000000000
MAIA97-135 62.1013126 1997 37.42200 79.01995 7.88  1313.89 4.906755 3.711788  4.025455 2.9444390 4.644391  96.7914439 0.40153182  34.0000000  2.2500000  0.734056483 -1.215600312 17.416667  2.05805191  152  2.8 2.4510051  97.578984  0.970837 0.1933711183 0.0000000000
MAIA97-136 55.2819730 1997 37.57869 79.42467 6.87   101.31 3.173878 2.968471  4.347485 2.1972246 5.513429  98.9304813 0.00000000  66.0000000 11.2525000  2.023260712 -0.679175137 18.166667  0.11136247  453 18.9 0.6381629 100.000000  0.000000 0.0000000000 0.0000000000
MAIA97-137 37.3869964 1997 37.06561 78.58808 7.35   743.43 4.445001 4.264587  3.451330 3.2188758 5.459586  96.7914439 0.45455000  21.0000000  1.2375000 -0.424267545 -2.044393035 16.250000  2.88083195  121  0.5 1.8968700  80.851203 13.377415 0.0940184368 0.0000000000
MAIA97-138 78.9831786 1997 37.30542 78.32453 7.58   884.08 4.701389 4.987424  3.978262 3.0445224 5.733341  95.9893048 0.33335000   8.0000000  0.9500000 -0.850540391 -2.465323917 13.666667  5.99301335   91  0.9 2.5456881  77.202617 14.377507 0.6429680022 0.0895454136
MAIA97-140 53.6739006 1997 37.93761 78.06051 7.41   854.28 4.585987 4.416923  3.937700 5.5606816 6.690842 100.0000000 0.00000000  63.0000000  0.4350000  0.948687498  0.444172450 13.166667  2.91841377  122  0.8 2.9495836  73.778773 18.775909 1.8031880798 0.0000000000
MAIA97-141 21.3175085 1997 38.35950 78.75774 7.58  5170.00 6.391917 6.381291  6.384273 3.4339872 7.870930  68.9839572 1.50000000  18.0000000  2.3875000  0.387055994 -1.460732632  9.833333  1.56280741  335  4.5 3.1451001  54.542698 42.828360 1.1909966774 0.0000000000
MAIA97-142 41.1625282 1997 38.39345 77.84732 7.34   816.17 4.628887 4.882192  3.316572 4.7273878 7.473069  32.6203209 1.36363636  37.0000000  0.1500000 -1.916512467 -2.315249228  3.916667 -0.66164851   88  0.6 2.6715245  48.271238 51.554340 0.0000000000 0.0000000000
MAIA97-143 26.9651887 1997 37.90108 77.44805 6.00    38.85 3.306887 4.690461  3.878774 3.2958369 5.780744 100.0000000 1.50000000  94.0000000  0.3994000  0.816019801  0.128428223 16.333333 -0.30218676   36  1.3 3.3802461  87.084799 12.051570 0.0000000000 0.0000000000
MAIA97-144 47.2175726 1997 38.37502 77.44502 6.82   306.53 4.436752 5.598586  5.014291 3.0445224 5.973810  97.0588235 0.33335000  16.0000000  0.3200000  0.495563539 -0.803158224 14.583333  4.54499546   22  1.3 3.4264752  67.802898 28.106106 1.0793112156 0.0560532478
MAIA97-147 60.0805238 1997 38.43588 76.98785 7.13   122.53 5.294811 7.191659  4.613242 3.1780538 7.512071 100.0000000 0.00000000  97.0000000  1.6000000  1.709461662  1.322493430 12.000000 -0.41672830   34  0.6 3.3419073  57.786728 13.558780 3.3896136148 0.0000000000
MAIA97-151  8.3108645 1997 37.68128 76.84765 7.18   608.54 4.350278 4.622134  3.415719 4.4067192 5.860786 100.0000000 0.00000000  93.9393939  0.4684000 -0.460422117           NA 10.333333  1.55303686   28  0.1 0.8188984  94.075848  2.178784 0.0734168048 0.0000000000
MAIA97-152  2.7777778 1997 37.46931 75.86327 5.87   374.66 5.191845 5.998185  6.062466 6.2915691 7.016610 100.0000000 3.15916364   0.0000000  0.1000000 -2.110922507 -2.527487479  8.666667 -1.04810931   12  0.3 4.0125197  13.782161 85.158188 0.7225365510 0.0000000000
MAIA97-154 55.0242058 1997 36.79839 82.75262 7.10   299.89 3.822098 2.662261  4.628816 2.5649494 5.894403  99.1978610 0.83335000  68.0000000  6.2675000  1.663331774 -0.680003782 19.000000  1.38040204  792  9.7 0.0000000  99.977367  0.022633 0.0000000000 0.0000000000
MAIA97-156 44.6010187 1997 37.19415 82.47686 8.58  1058.30 5.051777 5.889214  4.427942 1.3862944 5.003946  91.9786096 0.70454545  47.0000000  2.3375000  1.114159316 -0.656501408 12.083333  1.72611812  490  8.1 2.4107218  97.632857  2.367143 0.0000000000 0.0000000000
MAIA97-157 64.3008128 1997 36.91701 81.67435 7.31  2000.35 5.402677 4.467058  5.498490 2.7725887 6.324359  58.2887701 1.56062727  11.0000000  1.7590000  1.784298013 -0.222731724 15.166667  6.22592522  546  9.4 1.6052291  75.007763 24.623049 0.0547608754 0.0000000000
MAIA97-158 34.8731687 1997 37.07189 82.64730 8.21   440.30 6.466145 3.610325  8.738299 2.5649494 4.564348  44.3850267 2.02275455  52.0000000  4.9050000  1.256426251 -0.895411161 15.500000  0.29453355  576 11.5 3.1836216  97.816772  0.645721 0.0000000000 0.5841154899
MAIA97-159 35.8340438 1997 36.60822 83.55566 8.22  3178.50 5.730100 4.305758  5.074664 3.1780538 6.638568  91.4438503 1.22727727  30.0000000  2.1700000  1.025447515 -1.044136026 17.416667  4.66275395  398  7.1 3.1336665  59.792694 39.756605 0.0246018768 0.2375078885
MAIA97-161 52.5211633 1997 36.58913 78.71975 7.21   736.94 4.540098 4.851801  3.389384 2.7725887 5.662960  93.0481283 1.48486818  12.0000000  1.1675000  0.488995198 -1.187403937 13.333333  4.67235770  118  1.0 2.5144655  73.749007 23.165316 0.5993775635 0.0000000000
MAIA97-162 34.5924208 1997 36.69532 78.98476 7.50   666.48 4.484132 4.586280  4.164732 3.9120230 5.872118  94.6524064 0.06818182   0.0000000  1.7115000 -0.167705317 -2.121613467 15.000000  3.72562836  118  1.2 2.6918531  63.199967 30.671514 0.0000000000 0.0000000000
MAIA97-163 34.7487508 1997 36.45668 78.50799 7.08   910.08 4.623010 4.744651  3.226534 3.4011974 5.262690  96.5240642 0.55303182   7.0000000  0.3300000  0.319006462 -0.652344357 16.250000  3.03177486  116  0.8 2.4437374  60.540977 36.055379 0.1673424277 0.0000000000
MAIA97-164 64.1405178 1997 36.10885 79.14809 7.19   566.59 4.320151 4.566247  3.823462 3.1354942 6.086775  91.4438503 0.00000000  20.0000000  0.7600000  0.085699518 -1.464626785 16.750000  4.29676418  183  0.7 3.0220820  62.939325 33.912742 0.4079247474 0.0000000000
MAIA97-165 57.6167607 1997 36.45985 80.30388 7.90   352.59 3.813307 4.005311  3.492072 3.3322045 5.564520  98.9304813 0.74028247  25.0000000  1.0500000  0.284053795 -1.495688112 14.583333  4.72284833  275  2.4 2.9218166  76.785875 22.181204 0.1967856128 0.0000000000
MAIA97-168 37.0017221 1997 35.30162 78.11978 6.00    57.34 4.257030 5.460718  5.566511 3.9120230 6.154858  50.5347594 0.04545455   0.0000000  0.3000000 -2.110922507 -3.087040570  9.583333  4.69564232   30  0.2 2.9159312  35.420114 46.963554 0.2329029729 0.0000000000
MAIA97-172 58.0322530 1997 37.71403 79.89426 7.46   836.91 5.022564 3.215105  6.369154 3.5553481 5.796058 100.0000000 0.00000000  90.0000000 10.2500000  2.043800039 -0.403678204 15.416667 -0.30259269  497 14.8 0.8548408  99.916890  0.083110 0.0000000000 0.0000000000
MAIA97-176 34.5139047 1997 38.38596 80.79671 7.90  1963.68 6.781058 3.921750  8.885814 0.0000000 5.545177  84.4919786 1.11365000   0.0000000  1.3500000 -0.081339692 -2.077900279 14.166667  3.85646590  580  6.7 1.4281558  86.011093  2.997584 0.0917109832 2.2940916254
MAIA97-177 20.1080805 1997 37.01323 79.81006 7.08   346.46 4.010963 4.715526  3.067413 2.9957323 6.591674  94.1176471 0.33335000  48.0000000  4.2275000  1.294510862 -0.841462451 15.500000 -0.72113522  351  1.3 4.2826068  38.751699 43.268487 2.9236770930 0.0000000000
MAIA97-178 69.8274082 1997 37.54276 79.61638 8.94  1472.74 5.020586 3.771317  4.349369 3.2958369 4.836282  85.0267380 0.77272727  18.0000000  3.6925000  2.276319008 -0.013606278 16.083333  4.08552411  304 10.6 1.0050339  99.104014  0.761947 0.0573420636 0.0000000000
MAIA97-179 22.7315927 1997 37.39846 79.99095 6.86  1122.45 4.930148 3.809538  5.349637 1.0986123 4.779123  88.7700535 0.00000000  34.0000000  0.9025000  1.516906505 -0.294854942 15.083333  2.11715872  385 10.5 2.4076656  97.031437  1.137698 0.0107757327 0.0000000000
MAIA97-180 63.8078299 1997 37.14339 79.38928 7.72   510.75 4.099332 3.988730  3.539715 1.3862944 4.744932  90.6417112 1.14395000  31.0000000  2.4800000  2.178066364  0.234611857 17.666667  2.68238361  213  2.6 2.5029103  90.122757  5.220414 0.5065374426 0.0000000000
MAIA97-181 50.7509795 1997 37.01867 79.04303 7.49   517.40 4.032469 4.163710  3.010596 2.9444390 4.927254  94.1176471 0.00000000  31.0000000  2.1430000  0.621973010 -1.121771088 16.583333  1.30662867  152  1.5 2.3499457  40.261829 20.858000 0.1149612805 0.0000000000
MAIA97-182 58.4755751 1997 37.16580 80.29012 8.20  3759.80 6.206576 6.359569  5.993581 1.6094379 6.925595  76.7379679 2.51517273  50.0000000  2.5770000  0.878833588 -0.921293324 12.500000  1.96285154  489  5.8 4.2048568  87.703804  6.226150 1.4742649446 0.9477835850
MAIA97-183 32.0083862 1997 37.80466 82.24435 7.68  1264.51 5.356586 5.406651  6.483741 2.0794415 5.579730  90.1069519 2.38638636  30.0000000  1.9345000  1.089526716 -0.730001225 12.500000  3.13236323  213 12.4 3.0008193  99.292482  0.388900 0.0000000000 0.0358988557
MAIA97-184 28.2319672 1997 37.50661 81.28772 7.12  1469.94 5.250177 4.491688  5.947068 3.1354942 6.100319  84.7593583 0.56818182  16.0000000  0.5905000 -0.460422117 -1.614750412 15.583333  1.83832494  762  8.0 2.2928377  97.509224  1.173146 0.0000000000 0.2520131841
MAIA97-186 36.8488026 1997 37.42840 81.99599 8.39  2122.05 6.555357 5.709218  8.558263 2.0794415 6.163315  87.1657754 1.65154091  57.0000000  2.6670000  1.859591648 -0.122685675 15.750000  2.69000842  385 11.7 3.1264096  98.664608  1.208708 0.0060904157 0.0486320564
MAIA97-187 65.2693405 1997 36.94640 81.53853 8.31  2939.17 5.648974 4.404935  4.654510 3.2188758 6.590301  82.3529412 1.73487273  31.0000000  1.8090000  1.600560580 -0.404199809 17.166667  5.44416078  625  8.7 1.6054299  72.138042 27.607460 0.0007707029 0.0000000000
MAIA97-189 24.0095632 1997 37.13628 80.60476 7.56  4785.01 6.278521 6.094914  5.475736 2.7080502 8.081475  58.2887701 1.48486364  14.0000000  0.7535000 -0.260236485 -1.773164213 14.083333  3.42340887  549  1.5 5.0922399  11.574763 76.651830 2.5341868526 0.0000000000
MAIA97-190 23.5960298 1997 36.71980 80.66583 7.59   259.33 3.779634 4.400445  3.101702 1.9459101 6.429719  81.2834225 0.69698636  24.0000000  1.0945000  0.538089468 -1.161100057 13.583333  2.81126241  762  4.3 3.0456646  44.079322 55.737615 0.0475560697 0.0000000000
MAIA97-191 72.9474489 1997 36.83438 80.82051 7.61   501.88 4.875197 6.394809  4.310997 1.6094379 5.187386  47.8609626 2.87884091  88.0000000  3.5800000  0.502004388 -1.394544004 13.250000  0.45158504  706  4.2 3.8055285  79.229434 20.770566 0.0000000000 0.0000000000
MAIA97-192  9.2625516 1997 37.10860 81.54600 8.13  3754.43 6.018593 6.289118  5.282775 3.1780538 6.946976  66.3101604 1.43942727  36.0000000  2.6480000 -0.357594565 -3.051708963 10.000000  0.51926987  736  5.9 2.9048224  46.602012 52.078256 0.7188154146 0.0000000000
MAIA98-003 61.1096326 1998 36.85588 78.41541 7.32   986.25 4.782647 4.530726  3.500277 3.1443678 5.442418  99.1596639 0.00000000  15.4639175  0.3600000 -0.068101914 -1.859067302 15.166667  4.47430609  122  1.0 2.4211678  72.306783 18.764060 0.2958607854 0.0000000000
MAIA98-007 71.5907706 1998 37.61382 78.55242 7.21   445.69 4.025887 3.884762  3.504041 3.3918539 5.638355 100.0000000 0.00000000  16.0000000  1.5600000 -0.280035252           NA 16.416667  4.23611319  150  0.5 1.9461958  81.142536 13.481652 0.2495992916 0.0000000000
MAIA98-010 67.0174548 1998 38.20318 81.88603 7.48   306.52 4.280962 3.049182  5.666651 1.7939238 5.164786  90.6417112 0.48487273  43.3333333  1.2000000  1.656757352  0.521920310  7.666667  0.10029772  279  7.6 2.2091531  99.462893  0.537108 0.0000000000 0.0000000000
MAIA98-011 88.1289308 1998 38.17015 80.69561 8.55  2996.52 6.395495 3.876613  7.958840 1.5293119 6.451655  91.4438503 0.25000909  53.0000000  2.0700000  2.186936283  0.183069813 14.833333  3.89507825  701  7.3 2.1239368  89.701872  6.155653 0.0464980154 1.3698885182
MAIA98-013 49.6298319 1998 37.21810 80.52770 8.18  5602.23 6.472501 5.147660  5.371740 2.4630018 7.232733  81.5508021 0.51517273  52.0000000  0.1800000  1.154888798  0.730002854 12.750000  1.56444055  549  1.7 4.1874402  53.715920 45.448623 0.5865636952 0.0000000000
MAIA98-014 42.0575986 1998 36.62380 82.49892 8.18  2052.55 6.269475 7.754089  6.065758 2.5094366 6.054439  76.4705882 1.12778595  16.0000000  0.2000000  1.454774947  0.064096783 15.083333  7.28677333  396  8.9 2.6266955  84.653283 14.599374 0.3391415280 0.0209118158
MAIA98-015 66.6480304 1998 36.65079 79.21079 7.39   569.68 4.344584 4.711984  3.659711 4.4985867 5.953243  87.1657754 0.00000000   0.0000000  1.5000000 -0.460422117 -1.512379862 14.000000  2.96304378  152  1.5 2.9042747  69.010817 27.279648 0.2350903038 0.0000000000
MAIA98-017 86.8063595 1998 41.55038 74.76060 6.94   152.20 4.751865 6.501798  5.014706 1.5246967 5.150397 100.0000000 1.09095455  36.0000000  2.0000000  2.058484736  0.364742623 16.833333  3.74981697  325  1.9 3.8079949  84.608055  1.416882 1.7001968419 0.0000000000
MAIA98-019 91.7339597 1998 41.32758 77.11487 7.26   210.19 4.241614 3.950929  5.684992 1.8541081 6.169611  96.3235294 1.56950417  60.0000000  1.7539000  2.119211141  0.490113369 16.916667  3.88254064  213  6.9 2.0537390  87.529782 11.463426 0.1704117491 0.3746312600
MAIA98-020 92.0156041 1998 41.30667 77.05095 7.93   771.15 5.119789 5.755270  5.045469 3.0350972 7.702556  95.9893048 0.77275455  57.0000000  1.1500000  2.356097865  0.896306103 13.416667  3.54805007  186  6.0 3.6617138  57.128003 42.746632 0.0465571968 0.0000000000
MAIA98-024 45.1501801 1998 39.03807 79.59284 6.98   136.11 3.594294 2.474412  4.915837 1.6759744 6.054439  94.1176471 1.04550000  61.0000000  3.4500000  2.392829527  0.273396949 16.166667  3.30417240  563 10.2 0.8104857  99.043992  0.079336 0.0098681493 0.0000000000
MAIA98-028 23.9130886 1998 40.47246 78.26887 8.27  2631.98 6.521063 7.709198  7.294812 5.5101118 7.973500  94.3850267 1.58340000  17.0000000  0.5800000  1.209702894 -0.136476595 15.166667  6.50364500  274  6.2 4.7388441  67.637893 24.247011 2.0164426347 0.4549160063
MAIA98-029 30.1291742 1998 40.66996 78.79774 6.82  1526.56 6.571443 5.602027  8.646217 2.9849241 6.200509  72.7272727 3.77284091  10.0000000  0.5500000 -0.563274343 -1.810828862 12.666667  4.22432110  456  5.1 4.7590065  75.519342 18.757335 1.6056720304 1.0048798303
MAIA98-031 60.1045932 1998 40.21137 77.71840 8.15  3446.79 5.927459 5.106489  5.381463 3.4405142 7.860956  51.6042781 1.72735909  24.0000000  0.3040000 -1.078854112 -1.920855565 12.833333  2.62402346  297  5.3 2.3786198  45.385354 53.198512 0.0065047979 0.0000000000
MAIA98-032 64.8111649 1998 38.70197 77.90781 8.12   497.10 4.353499 5.039910  4.011228 2.8525112 5.906723  99.4652406 0.53030455  44.0000000  1.3000000 -0.611685496 -2.363740829 12.500000  4.95592072  107  3.3 3.1124926  63.204896 34.822526 1.0354371044 0.0000000000
MAIA98-034 34.7080189 1998 40.25893 80.13909 8.05  3761.85 6.359280 6.701437  7.000473 4.3421807 6.755769  82.6203209 0.66670000   1.0000000  0.1100000 -0.609031711 -1.822432888 11.333333  4.62602814  304  3.3 4.2337586  53.571031 42.307025 1.6001935144 0.0804134082
MAIA98-035 51.7874528 1998 41.98268 79.30364 7.67  1212.82 5.630495 7.161130  5.733577 2.0835581 6.098074  95.4545455 2.89003398  58.0000000  2.1700000  1.126032830 -0.316239925 13.916667  0.73304074  450  2.4 3.1194974  60.925132 38.815403 0.2306870276 0.0000000000
MAIA98-036 55.3035034 1998 38.76277 80.81281 7.50  1231.78 5.062595 5.073842  5.171854 3.1161341 5.908083  38.7700535 1.68187727   4.6666667  0.4620000  1.162814069  0.053251869 12.916667  3.34115363  275  9.6 2.2981754  90.213352  9.719749 0.0158024805 0.0000000000
MAIA98-042 97.2222222 1998 38.41038 79.82500 7.53   454.00 4.336637 4.338327  4.824000 2.2497116 6.543912  79.4117647 1.03030455  16.0000000  0.7800000  1.036980185 -0.704048890 12.916667  2.71699673  822  5.8 1.7507638  87.969592 11.659018 0.0118228341 0.0000000000
MAIA98-047 81.3050840 1998 38.15778 80.14236 7.80   981.62 4.814620 4.194801  5.122455 2.9938806 5.791488  83.4841629 0.89748077  20.0000000  0.5380000  1.514234529 -0.077232516 15.083333  7.25450686  637  8.4 1.7467621  89.275767  8.758639 0.0852212757 0.0000000000
MAIA98-050 56.1647302 1998 36.68825 83.02728 8.22  2889.07 6.313729 5.130461  7.820418 2.8873115 6.687732 100.0000000 1.31819091  14.0000000  0.7000000  1.371318388 -0.151085112 16.083333  6.68153726  396  9.9 3.5244175  89.341018  5.608163 1.1311962839 1.0183836748
MAIA98-055 86.3225163 1998 40.87260 77.17186 8.40  1976.84 5.602488 5.262761  5.576492 2.5122381 6.921412 100.0000000 2.00009545  16.0000000  0.6000000  1.484416812  0.125339267 14.583333  6.61066549  183  5.8 2.7688317  70.897384 27.308616 0.2796781262 0.0000000000
MAIA98-056 89.1432755 1998 41.47823 77.23852 7.72   306.43 4.380901 4.906691  5.308555 1.8221270 6.284134  91.7112299 0.27272727  71.0000000  1.6800000  2.167455178  0.378527239 16.000000  3.93032647  336  5.6 1.6752257  80.997303 18.742745 0.1658711545 0.0000000000
MAIA98-060 65.9323147 1998 39.33061 79.26960 7.91   767.80 7.048386 6.276366  9.337801 0.7119689 7.701200  64.4385027 0.40910909  49.0000000  1.4125000  3.044733944  1.115474412 16.666667  5.91933542  646  4.4 1.8751811  79.750136  9.395803 0.2517729898 1.9160907957
MAIA98-061 69.1584133 1998 38.87501 79.60418 7.95   442.31 4.114637 2.765059  4.416945 1.6304163 5.771441  90.6417112 0.48487273   8.0000000  0.8500000  1.871706434  0.473694555 12.916667  4.75141196  881  7.2 0.5405786  85.557831  5.140141 0.0007776975 0.0366934839
MAIA98-063 84.5583127 1998 41.73609 78.35325 7.00   467.57 4.271793 4.012989  4.940556 2.6646555 5.493061  63.9037433 1.16670455  48.0000000  1.5500000  0.554485746 -0.740471145 16.000000  1.84132711  518  4.5 0.5844478  94.591503  5.379948 0.0281490712 0.0000000000
MAIA98-064 16.7020732 1998 41.12037 78.09518 4.92   -17.13 6.645221 6.381721  8.872005 0.4660897 5.875633  49.4652406 2.03032727 100.0000000  0.9000000  1.986193325  0.403319753 16.750000  8.24163074  244  3.9 3.3011192  80.921196 12.367574 0.8443770275 1.6875453333
MAIA98-065 52.2738843 1998 40.32776 79.38494 7.02   903.26 6.031646 6.341796  7.782775 3.6015771 6.342121  38.2352941 2.78035909   0.0000000  0.5000000  1.532658526  0.084207142 10.083333  6.33277755  306  4.7 4.2828415  75.240614 20.573541 1.4704951045 0.4211875272
MAIA98-066 78.4939709 1998 39.50489 76.92729 7.67   586.99 5.352332 6.677047  4.524314 1.7418687 8.554104  98.8795518 0.25398095  71.0000000  1.1150000  1.531103544 -0.471678912 17.333333  3.30874944  172  2.2 5.1930291  23.043901 70.201949 1.8399821708 0.0000000000
MAIA98-067 65.5775052 1998 40.14210 77.94583 8.17  1918.16 5.513025 5.764337  5.535791 2.2626741 5.810392  95.1871658 0.12121818  15.0000000  0.5000000  1.667970867  0.363863411 17.083333  6.02588795  229  5.8 2.3008836  74.908658 22.948143 0.5774787201 0.0811762189
MAIA98-068 52.0336351 1998 38.77348 77.41631 7.76  1322.86 6.523269 7.681924  7.296479 3.1036894 9.680344  93.8502674 0.33335000  19.0000000  0.5000000  0.669443298 -0.716394716 17.333333  6.06532542   54  1.2 5.7678303  45.856554 28.577721 3.1204515533 0.3925993649
MAIA98-069 88.4817365 1998 39.70322 78.04076 7.95  2418.38 5.676411 5.232797  5.536776 3.3750245 7.315884  93.0481283 0.66670000  18.0000000  0.3540000  1.204889202 -0.151756826 14.333333  6.20081825  152  5.7 2.7916558  66.579086 31.842918 0.4614420836 0.0000000000
MAIA98-070 85.8533532 1998 42.55390 74.83382 7.69   684.27 4.848116 5.199420  5.339798 2.8724341 7.533025  93.3155080 1.22731364  61.0000000  1.5175000  1.840932612  0.331039662 16.833333  4.41619011  396  5.8 2.2337708  72.520486 26.815995 0.2907005124 0.0000000000
MAIA98-073 16.3333045 1998 36.98472 77.32327 7.65   617.47 4.619073 5.241791  4.746825 3.2851784 5.736572  99.4652406 0.09848636   3.0000000  0.5000000 -0.091602305 -1.530451119 15.833333  7.82756597   15  0.6 2.5538884  69.848690 20.302790 0.9003426343 0.0002149769
MAIA98-074 30.6756584 1998 35.60127 76.42781 6.80   429.70 4.896346 5.624261  5.920603 6.8926224 8.710949   0.0000000 1.50000000   0.0000000  1.2000000 -2.110922507 -4.498776556  4.416667  3.30796305    3  0.0 0.0000000   0.923898 23.642818 0.0000000000 0.0000000000
MAIA98-075 35.2908792 1998 36.42735 77.64319 6.91   987.58 4.937347 5.641920  3.942154 3.2957628 6.461468  93.7500000 0.52083750  20.0000000  0.1600000 -1.606619541           NA 10.583333  3.59036214   45  1.4 5.6611637  43.708098 20.473818 3.5404901125 0.0000000000
MAIA98-078 61.1627631 1998 37.91961 79.00672 7.60   133.97 3.099642 2.763281  3.466397 1.1820339 4.875197  91.4438503 6.30313182 100.0000000  1.7000000  2.238420430  0.332017373 12.916667  2.24463813  579  8.8 0.8202203  98.239103  1.245904 0.1420124516 0.0000000000
MAIA98-079 27.9519737 1998 37.35474 78.52877 7.62   737.10 4.520483 4.372363  4.175668 3.0290703 5.552960  98.1283422 0.06818182  21.0000000  1.6000000 -1.229035374 -2.534399145 14.916667  2.90084450  122  1.6 2.2241910  76.075326 21.982269 0.0862886993 0.0000000000
MAIA98-081 59.8325632 1998 37.59784 81.59126 7.57   826.01 5.502890 7.053424  5.190231 3.3832031 6.232448  95.4545455 0.74245909  32.6666667  4.7000000  2.483221468  0.510149126 12.833333  1.72936975  486  6.5 3.4776336  89.013201  6.202949 0.4641936590 1.0355510758
MAIA98-082 35.8853366 1998 36.99005 80.50191 7.93   544.16 4.316688 4.853342  3.782602 2.9389635 6.010041  82.3529412 0.22727727  13.0000000  1.6500000  0.179722661 -1.806883408 14.750000  6.44993347  609  3.9 2.7418717  60.991899 38.105432 0.1954483555 0.0000000000
MAIA98-083 63.4616055 1998 38.21617 80.78514 8.20  1592.23 5.764250 4.347493  7.294459 1.4931850 6.003887  97.8609626 0.06060909   7.0000000  0.3100000  0.405480221 -0.821544955 11.583333  5.05637191  549  7.7 2.2588422  91.595522  5.549779 0.1707077097 0.9551752347
MAIA98-084 75.6484180 1998 37.19909 79.28345 7.56   680.89 4.615121 5.112960  4.221621 4.5158334 6.634962  98.6631016 1.17424545   5.0000000  0.5500000 -0.428178861 -1.820675589 12.833333  6.74063484  213  3.3 3.5847959  62.536139 34.908134 1.0481281405 0.0000000000
MAIA98-086 35.3835583 1998 36.66357 83.25679 8.37  3030.76 5.789348 4.219991  5.231804 1.9248324 7.050123  91.7112299 0.93940909  35.0000000  1.4000000  2.056984682  0.215207186 17.333333  3.20058965  399  8.9 2.4502289  87.797199 12.078544 0.0775738163 0.0000000000
MAIA98-090 79.8443653 1998 41.96491 75.81718 7.84   503.70 4.719391 5.626702  5.321353 2.0741777 6.314453  71.6577540 1.67429545  31.6326531  1.2500000  1.092470832 -0.334931023 16.333333  5.00425431  307  5.0 2.8431054  75.630777 22.451040 0.3036826281 0.0173594491
MAIA98-091 96.6683345 1998 40.86800 76.89493 8.84  1739.58 5.452754 5.320398  5.682514 2.6479463 6.820016  69.5187166 2.34853636   9.0000000  0.5500000  2.342132165  0.767946383 16.916667  6.80353533  152  5.4 2.9719517  64.807279 33.210257 0.3166703236 0.0000000000
MAIA98-092 17.8645862 1998 41.32429 77.76654 6.63    30.01 6.453782 6.190530  8.673282 0.6151856 6.066108  26.7379679 1.01950974  25.0000000  0.3975000  2.102056193  0.081512036 15.333333  8.94866657  213  5.9 2.7574116  88.538758  7.335467 0.5639435525 1.2644868318
MAIA98-096 59.4299242 1998 38.76169 78.71727 8.01  5114.69 6.248236 5.536648  5.709373 2.5367873 7.226209  79.9465241 1.86371818  29.0000000  1.1500000  2.576507370  0.600267351 11.083333  4.11467809  333  4.1 2.1083934  81.144248 18.108050 0.3316104372 0.0000000000
MAIA98-099 29.1753206 1998 41.31038 77.82342 5.13    -8.49 6.099197 5.697933  8.332845 0.9277251 5.966147  54.0106952 0.69700455   7.0000000  0.4750000  2.128445729  0.161690925 15.416667  8.93262482  214  5.9 2.7697096  88.441324  7.426121 0.5682685305 1.2680031026
MAIA98-100 19.8176414 1998 40.84242 77.82332 8.28  4222.63 6.417386 7.040071  6.329638 2.7484241 8.656955  92.7807487 1.82578182  60.0000000  0.9000000  1.264748739 -0.075720336 15.833333  5.29302639  304  3.3 5.8101165  37.541854 51.632878 2.4307196991 0.0870305435
MAIA98-102 71.5450230 1998 39.25732 76.78034 7.75   880.66 5.358942 6.360594  5.558116 4.2107044 7.919356  98.9304813 1.56823636  21.0000000  0.4410000  0.565636133 -0.931828276 13.416667  6.65180440   43  2.3 5.0998969  34.631275 57.242580 1.7593032519 0.1224998938
MAIA98-104 87.1842977 1998 39.70849 78.33165 7.27   463.99 4.469350 5.148151  5.368252 2.5117109 5.762051  85.8288770 1.24248636  28.0000000  0.5800000  1.467859978  0.023351596 15.333333  5.28448818  213  5.2 1.7684908  78.551670 19.752218 0.0092857536 0.0000000000
MAIA98-105 45.8806523 1998 39.85824 79.05138 6.81   184.39 5.676754 5.608149  7.761646 1.8239039 6.613384  63.1016043 1.87985214  15.3061224  4.0480000  0.720714559 -2.101631305 13.500000  6.31787653  610  3.8 3.2248977  65.653681 31.298419 0.5522003615 0.7380239832
MAIA98-106 68.7300462 1998 42.53394 75.08471 7.43   905.05 5.000585 5.619976  5.285626 2.0489823 6.737856  52.6737968 0.56820000  19.0000000  0.7650000  0.669562671 -0.823109586 14.750000  5.16201872  334  4.0 2.6117595  71.352893 26.331341 0.4484881984 0.0000000000
MAIA98-107 69.8216482 1998 42.00613 80.19135 8.36  2193.13 5.791793 6.809263  6.177952 1.9280371 5.666427  89.3048128 1.91675000  39.5833333  0.8300000  3.196456675  1.952760501 13.000000  4.48428422  281  2.0 3.9585630  51.691091 43.914663 1.4996105463 0.0000000000
MAIA98-112 58.9694049 1998 37.82378 77.41746 7.52   662.68 5.685619 5.179132  7.476504 6.1841437 7.636752  97.8609626 0.06818182   0.0000000  0.5000000 -0.923783751 -1.950934818 14.333333  7.33203272   30  0.8 2.8438623  69.255019 22.012671 0.7161339488 0.2240950984
MAIA98-114 51.7814043 1998 37.82690 79.76756 7.76  2449.78 6.457397 6.648544  8.087243 2.3373488 5.240423 100.0000000 1.27275455   0.0000000  0.9700000  1.219239145  0.180507784 12.333333  2.20480687  365  4.2 2.7653123  97.516662  0.955702 0.9034445722 0.0000000000
MAIA98-115 42.4452656 1998 37.29051 79.21076 8.10  1677.19 5.480222 4.807179  6.365436 1.5828372 5.744604  63.9037433 0.92425909  74.0000000  1.8000000  1.218126758 -0.760922799 10.416667  3.35731167  242  1.6 4.5973799  66.822288 13.428819 2.8210145343 1.2157672753
MAIA98-117 65.6639791 1998 37.73388 81.77903 8.18  1438.30 6.044531 4.761679  7.852309 1.2798221 6.461468  93.0481283 1.24244545  50.0000000  1.0000000  1.538109054  0.040999137 14.583333  4.60986714  296 14.2 2.7873542  97.534698  1.298837 0.1214562810 0.5750177099
MAIA98-119 75.9937368 1998 38.12707 80.88561 7.75   769.20 5.301811 4.878765  6.827147 1.4457418 6.207080  80.7486631 0.33335000  30.0000000  1.0400000  2.626629697  0.634255677 16.666667  6.61342704  576  7.6 2.6965173  83.255727  9.560254 0.5200477688 1.0287465363
MAIA98-120 60.7800921 1998 37.01380 79.49849 7.63   875.44 4.550397 3.994980  2.936094 4.2678951 6.142037  97.5935829 0.00000000  78.0000000  2.4400000  1.948856967  0.817526162 14.083333  0.26956902  236  1.5 1.1908876  74.479955 25.451167 0.0000000000 0.0000000000
MAIA98-121 17.1014146 1998 37.31078 79.38258 7.45   801.61 4.781641 5.335187  4.296645 3.0724039 6.949377  99.1978610 0.00000000  10.0000000  2.5000000  1.967073826  0.719515809 14.750000  0.85254123  183  2.2 3.1410440  40.085191 56.916379 1.2635610304 0.0000000000
MAIA98-122 39.7131803 1998 36.07801 79.00953 7.52   414.06 5.002603 5.275539  6.416296 3.6602549 7.069023  98.1283422 0.93940455  15.0000000  0.5500000  0.898317192 -0.258767589 16.666667  5.55614675  122  1.1 4.0747539  70.776940 21.499734 1.9818824600 0.1070689554
MAIA98-123 80.0609908 1998 36.62503 80.86903 7.60   276.87 3.803101 4.136141  2.910351 3.6111881 6.489205   8.8235294 1.51516364  58.0000000  0.4000000  0.591458265 -0.657373568 12.333333  2.52002441  758  3.8 3.4774174  55.009077 42.236508 1.2509702196 0.0000000000
MAIA98-126 78.4639800 1998 42.20952 75.84356 8.49  1811.53 5.591733 6.416617  5.547300 4.0955938 7.009861  76.6666667 1.26669667  28.8659794  0.6500000  1.776990481 -0.227874889 16.916667  8.25659678  274  4.1 3.3939713  69.277817 27.620201 0.9477366844 0.0630039067
MAIA98-127 81.0764613 1998 40.63896 76.79672 7.86   742.97 5.297817 5.680667  5.790466 4.2896235 8.591930  97.1988796 0.55411407  46.0000000  1.4000000  1.764002293  0.301828534 12.833333  3.29314436  165  2.9 3.1836216  27.942378 70.805333 0.5271652028 0.0000000000
MAIA98-128 86.1422565 1998 41.77530 77.40806 8.09   270.54 3.943134 3.264811  4.945160 1.0296194 5.545177  91.4438503 1.84855455  81.0000000  1.7500000  1.598199781  0.263850649 16.166667  3.73147907  365  6.1 1.1568812  97.128288  2.172059 0.0190788360 0.0000000000
MAIA98-132 61.5519908 1998 39.78591 80.67649 8.01  2116.50 5.730749 4.444129  6.693354 2.9866411 5.609472  94.3850267 0.33335000  26.0000000  2.1000000  1.666123692 -0.051202064 14.000000  2.35641018  304  5.0 1.9552945  78.240067 21.725820 0.0252631815 0.0000000000
MAIA98-133 30.0687388 1998 39.05382 80.68009 7.48  1157.48 5.085124 4.799312  5.693723 1.8696460 4.709530  70.5882353 1.46215909   4.6666667  0.0975000  0.226636245 -0.146471675 13.250000  2.17609173  304  4.3 2.0108950  93.035195  6.923951 0.0101621896 0.0000000000
MAIA98-134 73.7783429 1998 41.05431 80.14906 8.31  4341.05 6.509812 5.717042  7.954792 3.7904766 6.608338  92.2459893 0.00000000  48.0000000  0.4950000 -0.103562735 -1.290024095 19.000000  3.34408014  350  1.0 2.7018980  25.905935 71.978184 0.0642200329 0.9407011583
MAIA98-135 84.4872618 1998 41.47515 78.05480 7.36   327.92 4.330865 3.754950  5.505961 3.2994968 6.612041  98.9304813 0.61363636  76.0000000  5.4500000  1.104624389 -0.916024861 15.500000  0.03806620  310  9.1 0.6739644  99.891857  0.108142 0.0000000000 0.0000000000
MAIA98-137 58.4825528 1998 40.36153 79.12583 7.39   333.60 4.493121 5.290148  5.408305 2.0263044 6.115892  81.2834225 1.56065455  46.0000000  0.9050000  1.117958502 -0.356687585 14.833333  3.74248183  365  5.8 2.4021589  92.127016  6.834434 0.4162230336 0.0294189866
MAIA98-138 37.7587128 1998 39.82032 77.21102 7.70  2733.81 6.035721 6.724094  6.327297 3.6491766 6.492240  97.3262032 0.66670000  10.6666667  0.1540000 -0.129155973 -0.676694053 12.000000  1.72399798  151  1.4 4.2979519  49.943750 36.578732 2.5363533616 0.0000000000
MAIA98-139 86.9184031 1998 39.28136 77.44097 7.98  2024.98 5.902633 6.774683  6.146313 5.1380312 8.107419  85.8288770 0.72730909  21.0000000  0.5600000  0.977812542 -0.742303659 17.083333  7.81569726   76  2.4 4.4271673  31.343348 63.644121 1.3357542041 0.1864463714
MAIA98-140 71.5109968 1998 39.62660 78.36129 7.53  1073.26 5.839187 5.580670  7.528610 2.9899028 6.587894  59.3582888 0.88640455  26.0000000  0.5100000  2.194031715  0.405289415 17.166667  9.02840347  154  7.9 2.9516236  82.200473 14.786607 0.5632975733 0.5530105930
MAIA98-141 37.6131521 1998 40.21429 78.90201 7.73   362.47 6.526348 6.036726  8.725682 1.6952486 6.385194  84.2245989 1.13641364  61.0000000  1.4000000  2.551504013  0.829758902 15.666667  6.47043101  456  3.3 3.5505652  57.465351 35.792438 0.8637389617 1.4330899183
MAIA98-142 81.9520096 1998 42.43580 75.38619 8.27  2076.32 5.568726 5.603067  5.715359 3.0809921 6.791221  94.9197861 1.75763182  20.0000000  1.0000000  1.185250167 -0.233684132 15.500000  6.86347701  334  3.7 2.8473483  61.280801 36.256307 0.5870536185 0.0091767644
MAIA98-147  6.6417781 1998 36.31182 78.04990 7.07   536.55 4.278886 4.470953  4.692265 4.0241545 6.274762 100.0000000 0.72730000   0.0000000  0.3800000 -2.110922507 -3.128671690 11.166667  1.23643031   61  1.0 2.3037844  88.634584  6.235826 0.0000000000 0.0000000000
MAIA98-153 54.8000398 1998 37.88679 82.17934 7.34   365.93 4.110874 2.871130  5.066822 1.9155982 5.517453  93.0481283 0.45456818  30.6666667  1.7000000  1.883346882  0.454492041 10.000000  0.65315817  336  9.8 2.9289512  99.906522  0.093478 0.0000000000 0.0000000000
MAIA98-154 69.8346943 1998 36.65583 81.02769 7.05   192.62 3.529004 4.812184  4.905275 3.8185032 6.309918   0.5347594 1.03789545  84.0000000  0.4600000 -0.014643558 -0.773057069 12.750000 -0.15024166  744  4.3 2.9146307  65.155081 34.844919 0.0000000000 0.0000000000
MAIA98-158 53.6458356 1998 36.22958 78.67356 7.44   866.95 4.679350 4.949972  3.633651 4.7848549 6.398595  98.3957219 0.00000000  38.0000000  1.5300000  0.937293325 -0.258418983 13.083333  2.00487962  122  0.8 2.5736041  70.621828 26.131132 0.0000000000 0.0000000000
MAIA98-159 26.1710398 1998 36.28933 80.26116 7.70   441.49 4.188138 4.550285  3.688760 2.6843721 6.269096  98.9304813 0.48485000  41.0000000  1.1825000  0.633309328 -1.154544706 14.916667  3.76251785  240  3.3 3.1452293  83.365241 15.426747 0.6108942822 0.0000000000
MAIA98-161 82.1024945 1998 41.10293 75.08958 7.33   160.24 3.795939 4.426074  4.813913 2.8046474 5.370638  93.8502674 0.18182727  76.6666667  2.1500000  2.332851558  0.482304840 18.833333  5.37472409  215  2.1 2.0421290  86.509433  0.329969 0.3553171225 0.0000000000
MAIA98-164 92.6739407 1998 41.97670 77.34570 8.76  1646.94 5.784133 6.823847  6.220116 1.6637367 6.234411  15.2406417 0.15151818  48.0000000  0.8000000  1.754765304  0.150838453 12.166667  6.32144666  365  5.6 2.5368664  62.726031 36.641255 0.2889477711 0.0003239475
MAIA98-165 67.5324405 1998 39.69955 76.11638 7.42   845.07 5.414766 6.069542  5.912131 3.8239784 8.665613  91.7112299 0.27273636  35.0000000  0.5200000  1.492746896  0.073410928 17.833333  6.18613475   48  2.0 4.0651903  24.850993 71.842022 0.8435866968 0.1050336622
MAIA98-166 64.3085085 1998 39.98672 80.55286 8.27  3562.02 6.202738 5.770953  6.643583 3.6431758 5.953243  90.3743316 0.31818182  23.0000000  1.8600000  1.953996920  0.346508298 13.416667  2.32821385  319  2.4 3.2966884  64.357635 35.276993 0.2721150324 0.0000000000
MAIA98-167 50.0273121 1998 39.16313 78.69297 4.84   -10.09 3.287655 3.138642  4.735193 2.1740697 6.042633  94.1176471 0.00000000  30.6666667  8.2000000  2.445996215  0.521390845 15.583333  2.34891509  523  9.7 1.3519617  95.697276  0.333009 0.0170390081 0.0000000000
MAIA98-169 98.9051131 1998 38.61540 80.54132 7.86   609.83 4.801559 4.576168  6.009401 1.1429481 5.739793  87.1040724 0.17949615  18.0000000  0.5600000  1.798649991  0.164126479 14.583333  6.56433270  306 13.2 1.7542307  95.219146  3.008279 0.1545074733 0.4996225025
MAIA98-170 84.0262505 1998 41.45312 80.09353 7.60  2724.60 5.917818 5.711366  6.165653 2.7425160 7.069023  98.9304813 0.76518636  24.0000000  1.2685000  1.149100023 -0.133801474 13.750000 -0.14745647  428  0.8 2.3323381  38.532579 40.532188 0.0000000000 0.0000000000
MAIA98-173 50.6635245 1998 40.89151 79.87758 7.46  1244.32 6.000672 6.590258  7.418978 2.6166656 6.196444  97.8609626 2.21217273   1.0000000  0.2600000  0.034151331 -0.652032742 11.666667  4.48446927  304  3.3 3.9082158  65.865593 32.052185 0.6554531015 0.4114140447
MAIA98-174 92.6159699 1998 39.61145 77.29751 7.48  1490.98 5.785670 6.782897  6.517923 4.8427766 6.938284  92.4369748 0.72729091  20.0000000  0.3400000  0.962573538 -0.403349294 16.000000  6.71475567  106  2.3 4.1096436  34.429598 61.042278 1.1875073903 0.0588178141
MAIA98-176 55.6046303 1998 39.64729 78.66840 7.17   363.96 4.572337 5.203460  5.576571 2.4255104 5.575949  97.8609626 1.66675000  40.0000000  0.9130000  1.039411915 -0.293523328 14.083333  2.04003781  333  7.1 2.1896403  94.250159  5.667926 0.0000000000 0.0000000000
MAIA98-177 74.0925390 1998 40.43934 80.59469 8.87  2081.04 6.124465 6.039687  7.642092 2.9282026 5.814131  92.5133690 1.07580909  27.0000000  1.1000000  2.154899570  0.591091733 15.083333  4.84683554  221  3.8 4.5269924  75.447427 20.835636 1.4093287704 0.4328175947
MAIA98-178 86.6484117 1998 42.26964 75.64610 7.42   325.51 4.648230 5.871245  5.236909 2.8773006 5.850765  90.9090909 0.00000000  22.0000000  1.4450000  0.855023449 -0.204874819 15.750000  2.56471087  396  2.3 2.7677646  74.934863 24.066323 0.6500924871 0.0000000000
MAIA98-180 70.5144738 1998 38.86184 81.03236 7.52   941.38 4.825911 4.333897  5.352008 3.0053855 5.497168  82.6203209 1.31824091   4.0000000  0.3500000  0.276302409 -1.019367888 13.750000  6.06261825  213  8.8 1.8777842  91.058060  8.851709 0.0337886786 0.0000000000
MD507S 70.1637337 1993 39.68369 79.47240 6.82   154.00 3.974058 4.369448  5.298317 2.3025851 6.698268  99.7326203 0.21213182  67.3333333  3.1000000  1.778453983 -0.410960420 13.920000  0.86697443  671  3.0 2.7954504  80.552446 19.144995 0.0371223593 0.0000000000
MD750S 30.3586242 1994 38.92420 75.98710 7.12  1090.00 5.698770 6.545350  5.993961 3.7841896 8.882808  77.5401070 1.31823182  34.3137255  0.2975000 -0.442075264 -1.315782403 14.250000  1.59475058   15  0.2 2.2153919  17.503442 70.569563 0.4009181195 0.0000000000
MD751S 23.6090706 1994 39.29130 76.97090 7.18   412.00 5.142832 6.496775  4.905275 3.4011974 8.198639  64.1711230 0.93057083  47.0000000  0.6500000  0.308612826 -1.148700513 10.920000  3.17498663  137  1.3 4.0829634  17.986430 76.369058 1.5016667156 0.0000000000
MD752S 40.0809061 1994 39.59960 78.66680 6.72   295.00 4.957938 3.465736  6.746412 1.6094379 5.036953 100.0000000 0.48487273  26.0000000  0.9500000  1.051736441 -0.838015934 15.420000  0.14175995  272 10.8 2.3120403  80.547469 19.452531 0.0000000000 0.0000000000
MD754S 46.8360765 1994 38.47150 76.85190 6.66   145.00 4.138361 5.111988  5.411646 2.6390573 5.680173  99.7326203 1.00005000  63.3333333  0.4975000  0.179668544 -0.690410756 14.330000 -0.31759160   30  0.8 3.4224369  47.981974 47.672991 0.9167222388 0.0000000000
MDR01S  4.7619048 1993 39.57722 77.75472 7.70  4780.00 6.380123 6.754604  6.508769 4.2484952 8.117909  60.1604278 1.10606364  11.0000000  0.6400000 -0.694499826 -2.366109204 10.750000  2.34760626  151  0.8 6.0838340  14.170742 62.914898 3.1548600044 0.0000000000
MDR02S 82.0525770 1993 39.58158 78.71860 7.65   789.00 4.867534 4.430817  5.916202 2.3978953 5.780744  95.7219251 1.27279091  42.0000000  0.1600000  0.885112728 -0.004377701 14.170000  3.27112286  228  9.3 2.5056076  88.540051 11.269531 0.0298539043 0.0000000000
MDR03S 88.8431262 1993 39.51417 79.16167 6.93   149.00 4.149464 4.094345  5.717028 2.0794415 6.761573  99.6904025 0.00000000  60.0000000  2.3055556  2.644871262  0.589856301 17.830000  3.29637376  488  9.3 1.6434528  91.024420  8.115515 0.0230532207 0.0000000000
MDT01S 22.3392201 1993 39.53750 79.31500 5.42    25.70 4.828314 3.713572  6.811244 2.7080502 6.648985          NA 0.56061364          NA         NA           NA           NA 15.420000  3.45815411  767  1.7 2.0475638  66.079984 18.634966 0.0361785906 0.5458060133
MDT02S 67.4761945 1993 39.38830 79.39310 7.26   968.00 5.023881 5.669881  4.615121 4.4426513 7.258412          NA 1.21218182          NA         NA           NA           NA  9.580000  2.82483719  731  2.2 3.1148921  33.927713 64.508375 0.2572079164 0.0000000000
MDT03S 37.6334274 1993 39.67080 78.79360 7.80  1480.00 7.071573 6.783325  9.356862 2.0794415 5.707110          NA 2.81068182          NA         NA           NA           NA 13.920000  3.81239492  213  9.0 5.0153176  83.130374  6.552517 2.2180627249 1.0544545283
PA003S 59.9850627 1995 40.90883 75.46015 7.21   353.40 4.347694 5.003946  4.882802 2.6390573 6.866933  93.5828877 2.15159545  24.0000000  0.3500000 -0.501657253 -1.825548866  9.000000  1.96898473  213  2.3 4.6299799  66.003896 28.818865 1.4923205552 0.0000000000
PA015S 69.3233895 1995 41.72338 75.53886 7.40   414.40 4.478473 4.905275  5.192957 2.7080502 6.011267  82.0855615 0.12121818  85.8585859  1.1000000  1.599933147 -0.055655664 17.420000  3.03489529  487  3.9 2.2761384  71.753012 25.659335 0.7558374322 0.0000000000
PA018S 51.9679645 1995 40.70689 78.01834 7.95  2370.60 5.690359 5.783825  5.525453 3.6888795 7.778211          NA         NA          NA         NA           NA           NA 10.500000  4.11310089  334  2.6 3.2176351  54.972662 44.956134 0.0146136979 0.0000000000
PA505S  0.0000000 1993 40.44536 76.05247 7.73  1740.00 5.416100 5.010635  5.484797 4.2766661 8.331105  28.6096257 1.94169000  47.0000000  0.8500000 -0.723546277 -2.172504909 11.170000  0.23047660  138  4.8 3.3857453  39.943626 59.556069 0.0690334040 0.0000000000
PA508S 83.6299743 1993 41.66547 76.51676 7.17   195.00 3.795489 3.044522  5.081404 2.1972246 5.717028  83.6898396 1.03033636  89.0000000  2.5000000  2.204452171  0.043918057 18.750000  3.54542759  322  6.6 0.7839015  97.805164  1.849426 0.0306892310 0.0000000000
PA509S 63.2647802 1993 41.30224 75.44573 5.37    16.40 2.975530 2.944439  4.584967 3.8712010 6.845880 100.0000000 0.00000000  54.6666667  0.7000000  1.693105423  0.578231118 17.750000  1.58526816  603  1.1 1.6233408  77.344354  0.617229 0.1376065778 0.0000000000
PA510S 63.5146871 1993 41.10133 78.08169 7.06   194.00 4.624973 5.894403  5.598422 1.9459101 5.786897  97.8609626 2.01523636  77.9411765  1.7777778  1.113644956 -0.589496447 15.670000  1.30247788  392  1.9 2.9008720  85.664038  8.290749 0.0262815934 0.3587361183
PA513S 57.3574107 1993 41.21731 76.80550 7.63  1750.00 5.905362 6.073045  6.969791 2.7080502 8.714403  92.7170868 0.51516818  56.0000000  2.0000000 -0.151726435 -2.130575626 11.420000  3.33144351  151  3.9 3.3414474  45.748287 52.874543 0.7220528569 0.1118704798
PA516S 76.5233478 1993 40.68346 78.33228 7.02    96.80 3.891820 5.017280  4.948760 1.4586150 5.924256  99.7058824 0.10000000  66.6666667  3.5417000  2.154543342  0.001907622 16.330000  2.87559083  451  6.0 1.5602477  99.596503  0.398422 0.0000000000 0.0000000000
PA518S 67.1707276 1993 40.33531 77.34540 6.78    66.20 3.414443 3.465736  4.905275 1.6094379 5.746203  97.8609626 1.33335000  45.0000000  2.2900000  2.251519423  0.381052218 14.750000  4.17478565  183  8.8 1.2892326  96.638696  2.129977 0.0273048076 0.0000000000
PA519S 48.0664962 1993 40.39046 76.68951 7.27   531.00 4.919981 6.333280  4.394449 3.3322045 6.519147  93.3155080 1.25000000  54.0816327  0.7500300  0.499890161 -0.852833679 11.080000 -1.13880948  152  4.1 3.6076694  80.537918 19.462082 0.0000000000 0.0000000000
PA523S 74.9775731 1993 41.95601 78.23433 7.42   773.00 4.736198 4.753590  5.347108 3.9512437 6.436150  70.5882353 1.72735909  58.5858586  1.0250000  1.214118988 -0.471594243 16.000000  3.86509071  457  7.1 1.8855533  85.282917 14.520602 0.0748031590 0.0000000000
PA524S 74.2706429 1993 41.81760 79.58672 7.63  1430.00 5.141664 4.990433  5.252273 3.1354942 6.186209  78.3422460 0.34922381  42.0000000  0.0800000  0.636829142  0.101735719 18.000000  3.87799662  459  1.7 2.2060742  81.044016 16.315952 0.0949228321 0.0000000000
PA525S 53.1179297 1993 41.81394 79.56367 7.78  2250.00 5.545177 5.594711  5.627621 4.1431347 6.877296  78.8235294 0.69700455   2.0000000  0.0800000 -1.006204876 -1.508428839 14.830000  0.28307146  486  1.1 1.9095425  72.870303 27.129697 0.0000000000 0.0000000000
PA528S 20.5016033 1993 41.44212 79.16454 6.54   118.00 4.247066 5.613128  5.062595 3.2580965 6.326149  37.9679144 0.96974545  17.0000000  0.6500000 -0.222044845 -1.868471374 16.330000  1.72537035  487  1.0 3.1077208  80.814365 17.498422 0.9825218198 0.0000000000
PA529S 26.9579904 1993 41.04169 78.75870 6.81   411.00 5.940171 5.624018  8.010360 1.3862944 6.293419  88.7700535 0.34090909  35.0000000  1.5700000  0.465068963 -1.577024856 15.080000  1.92312393  457  4.1 3.5857387  71.459911 24.193726 1.1195916743 1.1618871993
PA531S 87.6182553 1993 40.14105 79.26390 7.11   240.00 4.218036 4.510860  5.342334 1.7578579 6.937314  93.8502674 0.33335000  94.0000000  1.3750000  1.755594441 -0.191278490 18.580000  2.03426110  541  7.3 1.3837912  99.537178  0.187942 0.0000000000 0.0000000000
PA532S 38.1821641 1993 40.06584 79.90139 7.87  3840.00 6.880384 6.276643  8.715388 3.0910425 6.605298  58.5139319 2.10608182  53.4883721  0.1000000  0.584656357  0.038707551 14.000000  4.29688124  244  4.1 4.2087144  50.465517 45.436040 1.5296580702 0.3763239320
PA533S  0.9836367 1993 40.47343 80.33095 7.29   938.00 7.528332 6.184149  9.898475 2.8903718 7.811973  97.8609626 1.42430909  64.6464646  0.1062500  0.214947670 -0.480118572 16.000000  3.08112067  304  2.8 3.3891248  54.318468 28.503597 1.0559281448 2.6597445795
PA534S 49.3739607 1993 40.92008 80.06435 7.92   563.00 4.812184 5.135798  6.045005 2.7080502 7.677864  86.0962567 0.12121818   0.0000000  0.0600000 -0.618422148 -1.117566311  9.920000  0.95281551  365  2.5 3.3261146  53.167337 46.797954 0.0341192613 0.0000000000
PA750S 71.1296606 1994 41.95000 75.36680 7.23   389.00 4.160444 3.828641  4.990433 3.3322045 6.102559  95.1871658 2.15159545  90.0000000  1.8000000  2.087959174  0.428986250        NA  3.12830321  368  5.6 1.8250330  84.016867 11.372786 0.1326812814 0.0000000000
PA751S 83.9626507 1994 41.10110 75.26710 7.11   252.00 4.610158 5.910797  5.049856 3.8286414 6.527958  90.9090909 0.85609545  72.0000000  1.7250000  2.526500661  0.586131292 17.330000  4.31856620  249  3.4 4.2088630  87.182838  3.774104 2.0224200302 0.0000000000
PA752S 20.3031144 1994 40.29180 75.20590 7.32   886.00 5.304299 6.089045  5.888878 3.9318256 6.897705  78.3422460 3.12130909  25.4901961  0.4100000  0.889665550 -0.229560580 11.330000  3.94353911   91  1.7 4.7741785  45.320188 48.180017 1.4207948168 0.0000000000
PA753S 65.4828798 1994 40.22510 75.85400 7.23   303.00 4.377014 4.718499  5.509388 3.5553481 6.517671  85.5614973 1.98084231  62.0000000  0.8225000 -0.092105773 -1.349650083 14.670000  2.29236303  122  3.6 3.9858681  81.881867 16.228168 0.1267850622 0.0000000000
PA755S 32.8891428 1994 41.48090 76.34980 6.41   113.00 3.487375 3.258097  4.905275 3.3322045 6.070738  29.1443850 0.00000000  19.8019802  1.1600000 -0.163199773 -1.725094128 15.580000  2.39199609  578  2.0 1.5841201  89.119516  6.293363 0.4381929935 1.0719167800
PA756S 78.5376471 1994 41.00280 77.26090 6.57    87.20 3.139833 2.639057  4.454347 1.7917595 4.605170  97.8609626 0.00000000  57.0000000  0.8500000  1.004734731 -0.146510511 17.250000  1.32042162  488  5.2 0.0000000  98.143528  1.856473 0.0000000000 0.0000000000
PA757S 28.4524227 1994 40.57510 76.88850 7.23   583.80 5.400423 5.703782  5.924256 4.4998097 9.104202  66.5775401 2.96982273  24.0000000  0.2550000  0.143637064 -0.695684123 13.080000  3.22449600  182  2.8 2.8432802  22.640075 76.387082 0.2343097763 0.0000000000
PA761S 43.2576795 1994 39.77010 76.07810 6.83   351.00 5.288267 5.758902  5.556828 4.6443909 9.696463  84.7593583 0.92428182  69.3333333  1.5850000  0.838706951 -0.685356893 13.420000  0.49304854  101  2.4 4.0188125  11.722761 88.167302 0.0000000000 0.0000000000
PA762S 48.0878011 1994 41.94760 80.44820 7.79  2028.00 5.950903 6.893656  6.527958 2.3978953 5.686975  97.5935829 3.34103636  28.0000000  0.0900000  0.713118434 -0.235821143 14.080000  1.89719998  219  1.1 3.0086979  58.775381 30.988277 1.5288185719 0.0000000000
PA763S 84.9248838 1994 41.78410 78.05080 6.73   199.00 4.122284 4.510860  5.198497 2.6390573 6.650279  99.4652406 0.66670000  71.0000000  0.8000000  1.151209263 -0.387020643 16.670000  2.08841367  554  5.9 1.7735955  72.738026 26.630955 0.0730441208 0.0000000000
PA764S 82.0512252 1994 41.65420 79.32030 6.36    92.10 3.668677 3.258097  5.241747 2.7080502 5.863631  99.2647059 0.00000000  76.0000000  0.1000000  0.951936904  0.052587158 18.000000  3.77871102  426  4.7 1.0155929  97.913350  0.423141 0.0028409606 0.0000000000
PA768S 67.1772756 1994 41.69360 78.69290 7.07   465.00 4.730921 5.669881  5.236442 1.9459101 6.091310  87.7450980 1.33340000  56.1904762  0.2900000  1.601099052  0.262620632 15.170000  2.63723424  579  2.5 3.0001226  74.104819 22.515402 1.4557133751 0.0823161215
PA770S 54.5333614 1994 39.86760 79.69350 6.85   225.00 5.191845 6.424869  6.535241 1.7917595 6.329721  26.2032086 3.33336818  97.0000000  1.2000000  3.506868859  1.414075569  7.580000  2.21676573  396 11.9 2.6466711  96.789271  1.713112 0.5614078954 0.2342860425
PA772S 48.9523462 1994 40.75060 79.84160 7.62  1050.00 5.596939 6.629363  6.502790 3.4339872 7.211557  89.9159664 1.76517727  16.0000000  0.1400000  0.139630773 -1.034697310 13.250000  3.49585887  335  1.3 4.8314448  36.317836 60.831002 1.3301604223 0.0108568505
PAR01S  0.0000000 1993 39.91111 77.61667 7.66  4800.00 6.354370 5.846439  6.228511 2.4849066 9.443830  22.9946524 1.90002000  23.0000000  2.0000000  0.290650652 -1.663036999 17.000000  2.58741811  213  1.1 4.4853501   5.003226 93.496919 0.8970960877 0.0000000000
PAR02S 22.8985257 1993 40.86472 77.60833 7.67  3060.00 5.877736 5.484797  5.899897 3.5835189 8.126518  60.9625668 4.05315909  33.0000000  0.8500000  0.750057373 -0.911297447 16.000000  3.56793706  365  6.2 2.3856386  57.523188 40.497317 0.0215618632 0.0000000000
PAR03S 59.8596304 1993 40.05639 78.04778 7.24   416.00 5.955837 7.834788  5.774552 3.0910425 6.545350  92.9971989 0.93335500  40.8163265  0.8000000  0.149956483 -1.371362628 12.170000  3.17649428  277  4.8 2.1814339  66.663273 27.103845 1.8443810144 0.0000000000
PAR04S 72.1151178 1993 41.13333 76.57417 7.25   331.00 4.226834 4.430817  5.308268 2.5649494 5.762051  99.1978610 0.33335000  52.3489933  1.7500000  1.173353788 -0.635545900 13.670000  1.61117640  269  5.6 2.1899761  87.696195 12.303804 0.0000000000 0.0000000000
PAR05S 68.9107396 1993 40.94583 75.12667 7.43   672.00 4.653960 4.262680  5.552960 3.2580965 6.173786 100.0000000 0.04545455  73.8255034  9.0500000  3.088878211  0.752341538 15.080000  1.67571243  183  4.7 2.4547051  86.893190  8.770431 0.0652098582 0.0000000000
PAR06S 60.0490513 1993 40.27016 77.73835 7.99  1830.00 5.313206 4.488636  5.497168 3.5263605 6.734592  98.6631016 1.50005000  17.0000000  0.8000000  0.765707757 -0.931443820 12.830000  5.30993215  213  6.5 2.0578348  74.002341 24.819344 0.0469207989 0.0000000000
PAR07S 98.2271667 1993 41.05611 77.07583 7.20   154.00 3.384390 2.772589  4.532599 2.3978953 5.342334  97.5935829 0.96670000  67.0000000  1.6500000  1.394437989 -0.539177253 18.920000  3.83312697  335  7.2 0.2956502  99.144178  0.846083 0.0000000000 0.0000000000
PAR08S 78.3523693 1993 40.27082 78.59822 7.29   197.00 4.239887 4.644391  5.476464 2.7080502 6.788972  91.4438503 0.60000000  58.8235294  1.8900000  1.807026813 -0.106397549 16.000000  3.76506705  463  6.6 2.2885876  90.510703  9.194126 0.0557421336 0.0000000000
PAR09S 80.3191787 1993 40.93639 75.59778 6.53    64.90 3.808882 5.598422  3.401197 1.6094379 4.787492 100.0000000 0.35606364  65.0000000  1.7000000  1.483566726 -0.448424709 19.000000  2.45337298  336  3.2 1.8251942  96.629805  0.657581 0.3131955675 0.0000000000
PAR10S 94.4884651 1993 41.29583 76.85250 7.60   467.00 4.470495 4.691348  4.927254 2.1972246 7.026427  85.5614973 0.21213182  85.0000000  1.9500000  1.912610178  0.005672098 15.750000  3.42551919  214  6.5 3.0736651  62.707620 37.117764 0.0805195171 0.0000000000
PAR11S 57.9499072 1993 39.93111 78.67361 7.51   392.00 4.457830 3.806662  5.641907 2.0794415 6.464588  95.4545455 1.79170000  70.1923077  2.3000000  2.201405864  0.341907163 15.330000  3.20028814  439  5.8 2.0791915  82.367914 17.474382 0.0465762868 0.0000000000
PAR13S  0.0000000 1994 39.91917 77.62694 7.87  4860.00 6.416732 5.857933  6.222576 2.5649494 9.210340  22.4598930 3.09100909   4.0000000  0.1000000 -0.558093156 -1.053210429 14.250000  2.62536400  210  1.1 4.9076128   5.001067 91.016781 1.5400751868 0.0000000000
PAR14S 61.7826164 1994 40.85889 77.58139 7.88  2875.00 5.875773 5.262690  5.707110 3.8286414 8.146419  87.4331551 1.31065000  39.3939394  1.0400000  0.945170401 -0.566407051 17.750000  3.77521081  335  5.6 2.4822364  51.201625 47.098581 0.0175609008 0.0000000000
PAR15S 25.3292758 1994 40.07139 78.03333 7.15   353.00 5.601011 7.393263  3.637586 2.7080502 6.349139  64.1711230 0.34850000  15.0000000  0.2400000  0.068278885 -0.773649103 13.750000  3.38055580  302  4.5 2.5721541  65.714272 28.782153 1.7293298339 0.0000000000
PAR16S 52.7880982 1994 41.10833 76.55694 7.16   450.00 4.484132 4.430817  5.513429 2.9957323 5.805135  96.7914439 0.00000000  46.0000000  1.1300000  1.401469530  0.166918119 17.080000  2.53143235  213  6.4 2.1829003  83.007085 16.900000 0.0142164655 0.0000000000
PAR18S 70.7709357 1994 40.22278 77.77583 7.74  1660.00 5.293305 3.663562  5.480639 2.5649494 6.442540  97.3262032 0.00000000  42.0000000  0.6250000  0.539904412 -0.728216925 16.250000  2.71737327  281  5.1 1.8076328  76.675332 22.736180 0.0118188811 0.0000000000
PAR23S 55.8833995 1994 39.91611 78.69639 6.93   420.00 4.534748 4.317488  5.560682 3.4965076 6.768493  85.8288770 0.96973636  67.0000000  1.7200000  1.908345819  0.261776345 17.580000  3.15568040  427  6.1 1.7761381  78.683518 19.067304 0.1624614778 0.0000000000
PAT01S  2.2968572 1993 40.90670 77.77940 8.04  3380.00 6.075346 5.843544  6.577861 2.7725887 8.257645          NA 3.26671000          NA         NA           NA           NA 13.670000  4.07237840  244  4.8 4.2766106  50.286071 42.638256 1.7686878546 0.7036785307
PAT02S 46.8911360 1993 40.89110 77.39360 7.98  2670.00 5.730100 5.247024  5.605802 3.9318256 7.672292          NA 3.93344000          NA         NA           NA           NA  7.670000  2.64150433  335  4.8 2.8273728  48.078888 51.651811 0.0063925242 0.0000000000
PAT03S 50.9722937 1993 40.89970 76.51170 7.65   635.00 5.241747 6.253829  5.389072 6.1590954 8.359603          NA 2.33341500          NA         NA           NA           NA 12.580000  4.51018895  183  6.1 2.7401947  71.204782 25.864065 0.3904177964 0.1940656574
VA001S 46.8438523 1995 37.06366 79.92204 7.59   524.40 4.390739 4.912655  3.871201 4.8441871 7.018402  89.0374332 0.28788182  38.6792453  0.3250000  0.001074175           NA 11.170000  2.66139176  335  4.2 3.8459687  62.424290 34.366828 1.3787638277 0.0000000000
VA008S 22.4379499 1995 37.72860 77.88121 6.97   322.20 3.979682 4.276666  4.127134 3.6109179 5.768321  88.7700535 3.00765909   5.0000000  0.5750000 -0.722664980 -2.158539238  8.080000  2.48665512   90  0.1 3.1229815  78.315534 14.707348 0.1426932939 0.0000000000
VA022S 19.5256311 1995 37.52883 79.73998 8.16  4962.00 6.182085 4.934474  4.875197 2.9444390 6.583409  91.1764706 2.15158182  28.0000000  1.1000000  1.150207339 -0.555608338 13.420000  1.28755079  304  3.0 2.7410981  37.022585 62.729065 0.0000000000 0.0000000000
VA507S 71.7870961 1993 37.49726 79.97843 7.98  2440.00 5.433722 3.526361  4.330733 2.1972246 5.123964  89.0374332 1.55305909  71.0000000  1.9500000  1.362438822 -0.808196002 15.670000  1.09797875  425 10.7 1.9974177  98.841973  1.158026 0.0000000000 0.0000000000
VA509S 72.9913801 1993 37.54025 79.39001 6.95   191.00 3.377588 3.663562  3.401197 3.5835189 6.171701  87.4331551 1.60612273  84.0000000  2.5000000  1.318619513           NA 16.500000  2.90176220  249 12.0 2.0980179  92.328745  7.626766 0.0147211108 0.0000000000
VA515S 23.3418267 1993 36.58553 80.44366 7.51   180.00 3.602777 4.234107  4.110874 2.0794415 6.385194 100.0000000 1.03030455  64.0000000  0.9500000  0.732812865 -1.075361112 16.250000  4.89446321  431  6.5 2.4857396  66.835778 31.319265 0.4294654486 0.0000000000
VA522S 31.8399857 1993 37.03337 80.26999 6.96   300.00 3.744787 4.369448  3.044522 3.6375862 6.198479   0.0000000 2.92427727  60.8247423  2.6500000  0.107397963 -1.634800162 10.750000 -1.84579336  803  1.9 3.1099534  26.027751 73.972250 0.0000000000 0.0000000000
VA523S 39.6459904 1993 36.95970 80.84441 8.18  3660.00 6.054439 6.413459  6.047372 3.4339872 6.736967  44.3850267 1.85608636  67.3333333  1.9000000  0.964223826 -0.870600520 14.250000  0.72192898  640  5.6 3.1962211  36.586775 50.462244 2.6133670713 0.0000000000
VA525S 53.2876491 1993 37.24123 81.87161 8.24  1330.00 5.733341 3.951244  7.502186 1.6094379 5.683580  89.0374332 1.33336667  37.0000000  2.3500000  1.124099059 -0.965898939 11.580000  4.75827918  508 11.5 2.2844211  97.236239  0.707383 0.0911305482 0.2544429737
VA526S 86.1630090 1993 37.20131 82.48649 7.05   132.00 3.401197 2.890372  4.812184 2.3025851 4.394449  78.8770053 0.98487273  72.0000000  1.4500000  1.614133574 -0.062115136 11.420000  1.55932287  523  8.2 1.7526721  97.792922  2.207079 0.0000000000 0.0000000000
VA527S 81.3702675 1993 36.79876 82.03284 7.45   741.00 4.527209 3.465736  4.969813 3.1780538 6.411818 100.0000000 0.68181818  55.0000000  4.7000000  1.592598140 -0.468944291 13.420000  2.15986879  578 12.2 2.2396453  96.340016  3.428839 0.0306669259 0.0000000000
VA529S 56.6753777 1993 36.64308 83.24444 8.12  3150.00 5.686975 4.127134  5.099866 2.7080502 6.820016  98.9304813 1.40153636  20.0000000  1.3500000  1.420693036           NA 15.580000  4.65230374  387  7.8 2.7324176  76.407254 23.485434 0.0362480299 0.0000000000
VA530S 37.8396654 1993 38.97795 78.06522 7.22   705.00 4.615121 5.075174  4.897840 2.0794415 5.384495  99.7326203 0.30000000  49.5049505  1.9250000  1.111511998 -0.604394337 13.830000  0.86802443  200  5.0 4.3987608  96.415240  0.955879 1.2889243363 0.0000000000
VA531S 44.3142050 1993 38.53744 78.30582 6.74    65.50 2.873565 3.135494  3.871201 2.3025851 5.910797  97.5935829 0.33335000  66.3265306  9.1000000  1.949302557           NA 18.830000  0.56905680  530 12.7 0.0000000  98.774430  0.589510 0.0000000000 0.0000000000
VA535S 28.8491300 1993 38.02889 79.16039 8.37  4420.00 6.003887 5.087596  4.795791 2.8332133 7.000334  25.4010695 3.80311818  52.0000000  1.0600000 -0.362764767 -1.941609202 12.750000  1.95301343  518  2.7 2.6504211  35.130249 64.295276 0.0375828341 0.0000000000
VA751S 13.6061165 1994 38.84330 77.22420 7.28   840.00 5.518657 6.984716  5.293305 3.3672958 7.202661  96.5240642 1.83336364  37.0000000  0.7425000  1.082533538 -0.470563144 13.500000  3.86209509   76  1.1 6.9464739  36.440242  4.864532 4.0367509184 0.0000000000
VA752S 34.4567038 1994 38.78690 77.87210 7.14   452.00 4.562263 5.252273  5.111988 3.5553481 6.836259  87.4331551 0.48485000  22.0000000  0.2100000 -1.098455738 -2.165771797  9.750000  4.06676094  123  3.5 3.3684676  62.200070 35.754718 1.0591879281 0.0000000000
VA753S 19.1723477 1994 37.59120 76.72140 6.63   652.00 4.415220 4.574711  3.555348 3.8286414 6.013715  73.6694678 0.00000000   0.9615385  0.2425000 -2.110922507 -2.841379618 16.170000  0.62347551   27  0.0 2.1240563  97.441064  0.180238 0.0000000000 0.0000000000
VA754S 68.4943719 1994 38.22730 79.35450 7.13   211.00 3.770459 3.465736  4.983607 0.6931472 5.023881  77.0053476 1.44702727  55.0000000  0.3700000  1.597945939  0.417252631 17.670000  4.95593621  547  8.7 1.0188473  96.167224  3.429838 0.0188335304 0.0000000000
VA755S 45.2168901 1994 37.79070 79.59750 8.18  3030.00 5.764878 4.025352  5.541264 2.7725887 5.398163  28.3422460 3.59858182  80.0000000  0.3100000  1.063251571  0.415861264 15.080000  3.09335342  394  8.6 2.0163686  91.805541  7.333499 0.1924665882 0.0000000000
VA756S 50.9037266 1994 38.21810 79.38850 6.55   120.00 3.555348 2.772589  5.111988 1.3862944 4.330733  88.7700535 1.80308182  72.6666667  2.4100000  2.367326068  0.830971284 14.000000  1.33355265  574  9.9 0.7948008  99.589243  0.387040 0.0000000000 0.0000000000
VA757S 74.4843841 1994 37.80390 78.95420 6.99   182.00 3.686376 3.850148  4.700480 4.5951199 5.749393  48.1283422 2.46975455  87.3333333  3.1250000  0.891870145 -0.779811671 12.500000  0.32114103  303 11.3 1.8094357  77.302106 22.697894 0.0000000000 0.0000000000
VA758S 45.3668186 1994 37.86700 78.37070 6.83   226.00 3.602777 3.970292  3.912023 3.2580965 5.645447  98.6631016 0.00000000  32.0000000  0.4200000  0.044940507 -1.116607830 14.330000  3.00506360  122  0.9 2.6686855  83.223409 10.769055 0.4627706593 0.0000000000
VA761S 36.8765745 1994 37.46760 77.97990 7.24   845.00 4.750136 5.043425  4.234107 3.8712010 6.795706  90.9090909 0.90151818 100.0000000  1.0125000 -0.369624992 -1.693400626  7.080000  1.94993063   91  0.2 2.2689249  50.395788 43.518065 0.0252885326 0.0000000000
VA763S 45.9971836 1994 36.86180 80.05130 7.60   425.00 4.051785 3.970292  3.784190 2.6390573 5.730100  99.1978610 0.26515909  85.0000000  0.5800000  0.664732868 -0.921575347 14.000000  3.48652456  348  3.4 2.9357699  73.718217 25.937682 0.2399613362 0.0000000000
VA764S 30.9702640 1994 36.55350 79.01710 7.15   454.00 4.204693 4.624973  4.025352 3.1354942 6.120297  99.1978610 0.00000000  48.0000000  1.3000000  1.338971357 -0.455224765 14.580000  1.37112996  141  1.3 2.0294632  65.871552 29.840406 0.0000000000 0.0000000000
VA765S 60.6319846 1994 37.04160 78.21890 7.18   536.00 4.279440 4.174387  4.262680 3.0910425 6.113682 100.0000000 0.73488182   6.9306931  0.1550000 -0.078727680 -1.019730693 12.920000  3.20572979  122  0.9 2.6261168  75.343636 10.190449 0.8431680588 0.0000000000
VA767S 73.9633768 1994 36.78790 80.62750 7.52   339.00 3.885679 3.761200  3.912023 2.7725887 5.686975  98.6631016 0.00000000  78.0000000  1.0250000  1.615887213 -0.438377900 18.580000  4.72274164  671  6.0 2.0178321  73.382819 25.953262 0.0276210036 0.0000000000
VA769S 51.1932947 1994 37.18950 81.04560 6.72    74.00 3.068053 2.708050  4.465908 1.0986123 4.143135  98.9304813 0.00000000  55.0000000  1.7250000  1.907270213  0.030804712 14.500000  2.32176007  735  6.6 0.8691991  99.392683  0.070632 0.0175039088 0.0000000000
VA770S 34.4320298 1994 37.43530 82.03110 7.87   819.00 6.061690 4.094345  8.032360 1.7917595 5.986452  66.3101604 4.82584545  60.0000000  0.5850000  0.929811317 -0.491821148 10.670000  3.57075730  302 12.2 3.1535050  98.155336  1.433834 0.0287769433 0.2857622307
VAR01S 55.9292915 1993 37.05972 81.13861 8.26  2100.00 5.323010 4.983607  4.499810 2.6390573 6.616065  10.1604278 2.31064091  61.3861386  1.2000000  0.338184628 -1.442811331 11.920000  3.89483819  787  6.2 1.8182391  59.005438 40.271926 0.1585179864 0.0000000000
VAR02S 35.8822924 1993 37.39528 80.31222 7.94  2370.00 5.451038 4.234107  3.871201 3.7135721 6.715383  13.9037433 2.10609091   9.0000000  1.0000000  1.194624009 -0.703962385 12.420000  3.86669713  706  5.6 1.7588919  52.992565 46.819170 0.0000000000 0.0000000000
VAR03S 25.8375142 1993 38.48694 79.57222 8.12  2900.00 5.641907 4.532599  4.762174 1.9459101 6.595781   0.0000000 1.80304545  46.0000000  1.3000000  1.391255037           NA 12.580000  3.53887019  810  8.0 1.7218733  44.668553 55.252443 0.0289129627 0.0000000000
VAR04S 39.8635492 1993 38.35750 79.03139 7.83  3510.00 5.823046 4.605170  4.836282 3.1780538 7.544332  88.5026738 2.79553636  18.2795699  0.7000000 -0.617565402 -2.336255184 12.170000  3.47737108  397  2.4 2.9677957  24.331784 74.415827 0.6839691914 0.0000000000
VAR05S 73.3548573 1993 36.68889 82.28056 8.18  2890.00 5.662960 4.189655  5.283204 2.4849066 5.707110  80.4812834 1.68942727  22.0000000  1.0000000  1.086768263           NA 14.580000  2.00262799  457  8.3 1.9836187  99.266627  0.721225 0.0000000000 0.0000000000
VAR06S 59.1155658 1993 37.11667 80.27861 8.43  3660.00 5.811141 4.634729  5.424950 1.9459101 5.986452  87.4331551 2.74245455  37.0000000  1.8520000  1.252628129 -0.929716656 14.830000  4.50727838  457  6.4 3.2525040  76.701883 22.068552 0.3866525905 0.0000000000
VAR07S 19.1948233 1993 37.73667 79.78889 7.13   745.00 4.828314 5.273000  5.537334 2.3978953 6.495266  62.0320856 1.19697273  35.3535354  1.0000000  0.582728275           NA 11.250000  1.65427743  335  6.5 1.4777334  95.716107  4.232261 0.0503432432 0.0000000000
VAR08S 65.2344111 1993 36.97861 81.45583 7.49   383.00 3.981549 2.833213  4.820282 2.3978953 5.771441  94.3850267 1.49246364  31.0000000  1.1500000  2.420758871  0.810346445 13.000000  4.09047040  665 10.9 1.1553076  97.767511  1.895951 0.0000000000 0.0000000000
VAR09S 84.9849987 1993 37.41389 80.58417 7.22   283.00 3.532226 2.890372  3.663562 2.6390573 5.262690  97.3262032 1.19701818  59.4059406  1.9500000  1.479045050 -0.322071921 16.000000  4.13870907  759  9.5 1.0581375  99.086209  0.465608 0.0014339714 0.0000000000
VAR10S 87.3692230 1993 38.36111 79.47694 8.07  1750.00 5.164786 3.295837  4.663439 2.7080502 6.052089  12.0448179 2.20456364  57.0000000  1.6500000  1.257659354 -0.556981969 13.250000  4.20775063  671  7.3 1.5547705  67.606389 32.258392 0.0648125461 0.0000000000
VAR11S 74.8716086 1993 36.89444 81.43944 6.90   259.00 3.941582 3.526361  5.087596 3.1780538 6.715383  58.2887701 1.90912273  24.0000000  1.0000000  1.588743348 -0.022636973 11.670000  3.36618487  728  9.9 1.4768204  95.642273  3.676261 0.0000000000 0.0000000000
VAR12S 68.3556893 1993 37.78694 80.11389 7.16   231.00 4.065602 3.218876  5.613128 2.3978953 5.159055  42.7807487 1.36364091  51.0000000  1.9700000  1.610596321 -0.346005059 11.500000  2.75694195  457  7.8 0.9254487  99.314063  0.119988 0.0937243776 0.0000000000
VAR13S 82.0244464 1993 38.33472 79.23944 6.84    97.70 3.152736 2.772589  4.510860 1.0986123 4.836282  96.2566845 1.20456818  82.0000000  1.4000000  2.077381230  0.241716858 13.500000  3.80708240  640 11.1 0.2654365  99.634602  0.083516 0.0019970047 0.0000000000
VAR14S 55.4577604 1994 37.05472 81.17194 7.99  2164.00 5.447599 5.075174  3.912023 3.1354942 6.816736  82.6203209 3.35618636  32.3232323  0.1400000  0.835144804  0.112513771 16.750000  3.48019031  805  5.6 1.9034499  57.993819 41.268917 0.0164961866 0.0000000000
VAR15S 58.7734053 1994 37.35194 80.38389 7.88  1752.00 5.238036 4.356709  4.248495 4.1743873 6.419995  94.9197861 1.09095000  74.7474747  0.6000000  1.604564038  0.350860127 16.420000  4.40595066  640  6.1 1.9888328  54.567222 45.294163 0.0065683809 0.0000000000
VAR18S 96.3240751 1994 37.74250 79.73833 6.99    78.80 3.081910 2.995732  4.394449 1.3862944 4.248495 100.0000000 0.34850000  90.8163265  1.8850000  2.508143956  0.894764856 16.920000  2.73112199  397 10.2 1.1721725  99.902001  0.086272 0.0000000000 0.0000000000
VAR22S 62.6226611 1994 37.78750 80.12861 7.01   192.00 3.996364 3.091042  5.545177 1.6094379 4.317488  92.5133690 0.40910000  70.0000000  0.6100000  1.666473300  0.476512869 16.670000  2.33288149  458  8.6 0.7202758  99.302381  0.139738 0.1137955406 0.0000000000
VAR23S 83.2181800 1994 38.35028 79.25694 6.77    88.00 3.148453 2.484907  4.584967 0.6931472 4.406719  69.2513369 1.41671818  83.0000000  1.7750000  1.793764557 -0.084466356 17.670000  3.68521776  670 11.7 0.2437302  99.774875  0.094341 0.0022554545 0.0000000000
VAR25S 58.7621803 1994 37.71417 79.50694 8.30  3970.00 5.945421 4.127134  5.010635 2.0794415 5.509388  70.5882353 2.79552273  66.6666667  1.0500000  1.407779085 -0.025418738 16.330000  3.28204591  304  5.6 1.8548908  83.060270 14.716303 0.0495841346 0.0000000000
WV501S 22.8681468 1993 39.45984 77.84214 7.90  5520.00 6.306275 5.442418  6.061457 3.0445224 8.047829  71.7647059 3.08334500  19.8113208  1.4400000 -0.393219337 -2.291535200  9.500000  3.50839720  125  0.6 3.9811759  36.445823 61.352196 0.7273041330 0.0000000000
WV502S 11.5336165 1993 39.16523 80.36043 7.41  1780.00 6.142037 5.676754  7.978654 3.6375862 6.359574  20.3208556 0.66670000   0.0000000  0.2500000 -2.110922507 -3.406314666  9.670000  3.48110470  365  3.2 3.3638416  63.272473 34.070647 1.1193523849 0.2605557069
WV504S 61.3649474 1993 39.99999 80.54768 7.82  1940.00 5.564520 4.787492  6.648985 3.5263605 6.257668  89.8395722 0.00000000  86.3636364  0.6050000 -0.248380162 -1.666416974 17.080000  0.59327160  368  2.6 2.4857396  62.896813 36.918290 0.0350949060 0.0000000000
WV506S 80.1394351 1993 39.07568 80.97332 7.47   647.00 4.727388 4.867534  5.869297 2.7725887 5.231109  54.8128342 1.39538550  33.6734694  0.0700000  0.551307682  0.032926544 13.080000  3.61420979  244  3.7 1.5581446  77.799780 22.100818 0.0192102950 0.0000000000
WV507S 49.0237654 1993 39.12337 81.00001 7.23   534.00 4.596129 3.951244  5.918894 3.1354942 4.948760  66.0427807 1.64395000  64.3835616  0.9500000  1.317882968 -0.299990262 14.920000  0.73207939  256  1.7 0.9082586  93.873287  6.126713 0.0000000000 0.0000000000
WV511S 93.4700340 1993 38.32333 80.18488 7.14   234.00 3.819908 2.833213  4.990433 2.8332133 6.308098  94.6524064 0.00000000 100.0000000  1.0250000  1.384181833 -0.387168900 18.080000  0.77918725 1023  9.8 0.6312718  98.287780  1.712221 0.0000000000 0.0000000000
WV512S 47.4303311 1993 38.24382 80.78623 7.24   268.00 4.155753 4.477337  5.220356 4.3944492 6.728629  97.4264706 0.00000000          NA  5.0000000  2.301827626           NA 18.750000  0.99321474  612  2.1 3.6833643  38.457811 61.279615 0.0000000000 0.0000000000
WV513S 52.7959459 1993 38.62762 81.18240 7.48   754.00 4.744932 3.970292  5.758902 4.6539604 6.732211  45.9893048 1.83335000  60.6666667  1.5200000  0.792593735 -1.190476649 15.500000  0.81159666  284  8.5 2.2343063  94.668747  5.211334 0.0000000000 0.0000000000
WV514S 38.6244574 1993 38.54768 81.79919 7.74  1150.00 5.111988 4.553877  6.075346 3.0445224 5.351858  79.4117647 0.62122727  21.0000000  0.4400000  1.410318255 -0.286859636 14.920000  2.45163421  214  5.0 2.9785861  70.829841 29.068467 0.0238678823 0.0000000000
WV515S 62.9121820 1993 37.74788 81.66496 6.71    92.20 4.079231 3.367296  5.863631 2.5649494 6.084499  66.5775401 1.59092727  85.0000000  2.1000000  2.041864166 -0.099504758 13.830000  3.58958660  461 13.1 2.8553201  98.112417  1.367854 0.1126802608 0.1174700978
WV516S 19.7924980 1993 38.13519 82.03941 7.51   868.00 5.707110 4.488636  7.582738 2.8903718 6.347389  79.4117647 1.65159545   2.0000000  0.1888889 -0.701727743 -1.637292020  8.920000  4.34706633  237  7.8 2.4932055  91.703596  1.169302 0.0729911344 2.0839606899
WV750S 47.8455811 1994 39.13530 78.89680 7.28   189.00 4.316154 4.219508  5.749393 2.0794415 6.736967  98.9304813 0.66670000  89.0000000  0.3400000  2.273073433  0.681761273 17.080000  3.46035269  328 10.8 1.1954365  96.654046  2.068518 0.0496450368 0.0000000000
WV751S 41.0599938 1994 39.00300 80.13850 6.95   187.00 4.276666 3.931826  5.905362 1.9459101 4.919981  96.7914439 2.62127727  77.0000000  0.5800000  2.004242186  0.097839433 16.920000  3.18162246  490  3.7 2.6875073  90.023628  7.663663 0.0330768784 0.8216252642
WV754S 64.8847860 1994 38.57520 79.75590 6.19    82.10 3.269569 2.484907  4.770685 1.9459101 5.929589  99.4652406 0.00000000  77.0000000  3.0000000  1.984769304 -0.192790722 18.250000  0.34436954 1063 11.3 0.5533102  99.936219  0.063781 0.0000000000 0.0000000000
WV755S 81.0315198 1994 38.17600 79.99410 7.55  1048.00 4.785824 3.178054  4.718499 2.4849066 5.638355  94.6524064 1.08336818  81.0000000  0.9100000  1.381429194 -0.332268635 17.000000  1.78478521  701  7.1 1.6957991  84.501076 15.483819 0.0000000000 0.0000000000
WV756S 71.4842485 1994 37.97040 81.24310 7.32   484.00 5.456602 4.418841  7.358831 3.4339872 5.384495  83.6898396 1.44700000  66.0000000  1.3100000  2.003592412  0.017002519 15.920000  2.56822092  484  8.7 2.6184901  95.554840  3.421664 0.1109222207 0.2325884079
WV757S 78.7725622 1994 38.46550 81.02590 6.56    96.00 3.988984 4.127134  5.560682 1.7917595 5.948035  77.5401070 1.50000000  82.0000000  0.7100000  1.435498916 -0.045320749 16.500000  0.78326207  310  7.7 1.6080369  94.233506  5.684249 0.0402999383 0.0000000000
WV759S 67.3876994 1994 37.89050 81.82340 7.85  1590.00 5.863631 4.634729  7.588324 2.0794415 6.274762  86.8983957 3.47730000  55.0000000  0.3250000  0.918218276 -0.579034535 13.750000  4.18621094  295 12.1 1.8205089  97.229959  0.136303 0.2189555941 0.8621512858
WV760S 63.9432284 1994 37.52220 81.43460 7.83  1520.00 5.568726 3.091042  6.958448 1.7917595 5.123964  94.3977591 0.40152727  61.0000000  0.6450000  1.384070291 -0.368979699 16.500000  4.41925498  489  8.7 1.4146388  96.308853  1.568367 0.0639761756 0.7295191283
WVR01S  2.7008466 1993 39.46667 78.02500 7.63  4720.00 6.188264 5.030438  6.224558 2.7725887 8.006368  18.9839572 1.76517727  42.1568627  0.9500000  0.062559838 -1.546102452 11.000000  2.62530607  183  6.5 3.7026098  56.186670 43.481412 0.0991953500 0.0000000000
WVR02S 80.2127269 1993 39.47222 78.24778 7.15   391.00 4.380776 4.543295  5.517453 2.3025851 5.793014  84.2245989 1.53792273  29.8076923  2.0100000  1.551679522 -0.565701856 12.750000  3.73380024  244  2.5 2.8106068  79.845253 19.416541 0.2419284060 0.0000000000
WVR03S 71.5379640 1993 39.28444 78.45111 8.02  1700.00 5.231109 4.094345  5.505332 2.3978953 6.001415  89.5721925 0.55002500  56.6666667  1.3250000 -0.492448703 -2.351889035 14.080000  3.89287077  277  7.7 1.1486715  91.676814  8.026530 0.0018333184 0.0000000000
WVR04S 87.2336483 1993 38.62222 79.78611 6.80    93.80 3.250374 2.772589  4.430817 1.9459101 6.089045  87.9551821 0.33335000  78.7878788  0.0000000  1.825984206           NA 19.580000  3.85273362  917  7.9 0.1142211  97.722643  0.851670 0.0000000000 0.0000000000
WVR05S 10.7272834 1994 39.46667 78.03667 8.03  3549.00 5.981162 4.836282  6.075346 2.8903718 7.666222  99.4652406 1.04549091  38.2352941  0.4200000  0.182231676 -1.252110212  9.000000  2.31679367  183  6.4 3.7797936  56.923500 42.710797 0.0850118793 0.0000000000
WVR06S 77.5737087 1994 39.49917 78.22972 7.09   196.00 4.169761 4.343805  5.509388 2.3978953 6.070738  88.7700535 1.28034091  61.0000000  0.8700000  0.464153758 -1.368226329 15.920000  3.98394359  216  2.5 2.8507643  80.600816 18.747428 0.2135981385 0.0000000000
WVT01S 77.5082999 1993 38.54280 79.81690 7.02   439.00 6.079933 7.762596  6.246107 3.1780538 7.832014          NA 1.33340000          NA         NA           NA           NA 18.080000  5.17622544  853  8.4 1.2193539  93.203541  3.579222 0.2248900253 0.0000000000
WVT02S 39.7554158 1993 38.95050 80.07250 4.10  -803.00 5.459586 4.394449  7.543803 1.6094379 5.774552          NA 0.66669091          NA         NA           NA           NA 17.250000  1.63092539  575  5.1 2.3109500  95.982431  3.415774 0.2388058546 0.2183127015
