1007.044
1009.079
1025.044
1046.362
1056.805
1059.737
1060.78
1062.144
1063.301
1064.365
1073.13
1078.303
1092.395
1099.705
1131.611
1151.923
1154.538
1156.131
1158.982
1178.301
1199.013
1199.144
1219.599
1220.11
1222.798
1223.486
1229.398
1230.477
1231.001
1236.211
1239.591
1239.719
1240.279
1241.998
1242.72
1243.026
1243.196
1243.426
1244.14
1245.367
1246.014
1246.289
1247.009
1248.3
1248.797
1249.225
1249.476
1249.906
1250.32
1250.43
1250.835
1250.898
1250.958
1251.347
1252.748
1253.633
1255.33
1255.694
1256.462
1257.149
1259.892
1262.702
1262.985
1264.478
1265.18
1265.325
1267.962
1269.948
1270.488
1270.952
1273.427
1274.324
1275.271
1275.406
1277.074
1279.909
1280.303
1282.249
1282.414
1283.664
1288.597
1289.072
1289.996
1292.681
1293.171
1293.762
1294.16
1294.799
1295.389
1301.638
1301.917
1302.405
1303.182
1304.267
1306.774
1309.356
1309.563
1309.726
1309.879
1310.269
1310.418
1312.876
1313.569
1313.626
1314.113
1319.249
1320.531
1321.312
1321.922
1321.942
1322.142
1324.531
1324.804
1324.882
1325.4
1326.606
1352.475
1355.742
1355.768
1356.006
1359.475
